93 101  0 8  0.1
92 102  0 8  0.1
9 166  0 8  0.1
91 103  0 8  0.1
90 104  0 8  0.1
89 105  0 8  0.1
88 106  0 8  0.1
87 107  0 8  0.1
86 108  0 8  0.1
85 109  0 8  0.1
84 111  0 8  0.1
83 112  0 8  0.1
82 113  0 8  0.1
8 167  0 8  0.1
79 116  0 8  0.1
7 168  0 8  0.1
6 169  0 8  0.1
5 170  0 8  0.1
4 171  0 8  0.1
38 55  0 8  0.1
37 56  0 8  0.1
36 57  0 8  0.1
35 58  0 8  0.1
34 59  0 8  0.1
33 60  0 8  0.1
32 61  0 8  0.1
3 172  0 8  0.1
31 62  0 8  0.1
30 63  0 8  0.1
22 70  0 8  0.1
2 173  0 8  0.1
19 73  0 8  0.1
18 74  0 8  0.1
17 75  0 8  0.1
16 76  0 8  0.1
15 77  0 8  0.1
149 154  0 8  0.1
148 155  0 8  0.1
14 78  0 8  0.1
147 156  0 8  0.1
146 157  0 8  0.1
145 158  0 8  0.1
144 159  0 8  0.1
143 161  0 8  0.1
142 162  0 8  0.1
140 164  0 8  0.1
139 165  0 8  0.1
124 130  0 8  0.1
123 131  0 8  0.1
122 132  0 8  0.1
121 133  0 8  0.1
120 134  0 8  0.1
119 135  0 8  0.1
118 136  0 8  0.1
1 174  0 8  0.1
117 137  0 8  0.1
