  92  130    0  9999
   1   22    0  9997
  91  131    0  9993
  93  129    0  9988
  36   64    0  9982
 105  116    0  9974
  35   65    0  9965
  89  133    0  9954
  90  132    0  9942
 104  117    0  9929
   2   21    0  9914
 106  115    0  9898
   3   20    0  9880
  94  128    0  9862
  37   63    0  9841
 107  114    0  9820
 108  113    0  9797
  69   81    0  9772
 103  118    0  9747
  39   61    0  9720
  70   80    0  9692
   4   19    0  9662
  66   84    0  9631
  38   62    0  9599
 102  119    0  9566
   6   17    0  9531
  71   79    0  9496
  23  111    0  9459
  67   83    0  9421
   5   18    0  9381
  68   82    0  9341
  95  127    0  9299
  26   53    0  9256
  76  139    0  9212
  77  138    0  9167
  96  126    0  9121
 101  120    0  9074
  26   50    0  9026
  78  137    0  8977
  82  136    0  8927
