 118  125    0  9999
 103  137    0  9998
 104  136    0  9995
 102  138    0  9992
 119  124    0  9988
  91  152    0  9982
  55   69    0  9976
  53   70    0  9969
  56   68    0  9961
  18   41    0  9952
  20   39    0  9942
  92  151    0  9931
 101  139    0  9919
  19   40    0  9907
  14  171    0  9893
  90  153    0  9878
 105  135    0  9863
  12  173    0  9846
  13  172    0  9829
  73   82    0  9811
  57   67    0  9792
  93  150    0  9772
  71  157    0  9751
 111  134    0  9729
  83  161    0  9706
 100  140    0  9683
  21   38    0  9658
  11  174    0  9633
  85  159    0  9607
  47  167    0  9580
  10  175    0  9552
  74   81    0  9524
 112  133    0  9494
  15  170    0  9464
  22   37    0  9433
 115  128    0  9401
  99  141    0  9368
  98  142    0  9335
 117  126    0  9301
  48  166    0  9266
   9  176    0  9230
  23   36    0  9194
  97  143    0  9157
  24   35    0  9119
  25   34    0  9080
  16  169    0  9041
  58   66    0  9001
  96  144    0  8960
  27   32    0  8919
  26   33    0  8877
   8  177    0  8835
  99  142    0  8791
  49  165    0  8748
  97  144    0  8703
 112  134    0  8658
 143  149    0  8612
  75   82    0  8566
  17  168    0  8519
  59   65    0  8472
  25   35    0  8424
 106  134    0  8376
  98  143    0  8327
  43  163    0  8277
  60   89    0  8228
  88  154    0  8177
 143  148    0  8126
 116  127    0  8075
  10  174    0  8023
  18   42    0  7971
  46  168    0  7918
  95  149    0  7865
  73   85    0  7812
  82  159    0  7758
  73  159    0  7704
  59   66    0  7650
  50  164    0  7595
  75  167    0  7540
  79  128    0  7484
  79  115    0  7429
  76   82    0  7373
  62   89    0  7316
  22   33    0  7260
  24   36    0  7203
  95  145    0  7146
  89  154    0  7089
  25   30    0  7031
  96  145    0  6973
  25   33    0  6915
  92  150    0  6857
  47  163    0  6799
  95  147    0  6741
  74   80    0  6682
  60   65    0  6624
   3   34    0  6565
  95  148    0  6506
  42  163    0  6447
  18   43    0  6388
  90  154    0  6329
  45  169    0  6270
  91  150    0  6211
