  72   79    0  9998
  70   81    0  9995
  71   80    0  9990
  16   39    0  9983
  15   40    0  9973
  26   67    0  9961
  17   38    0  9948
  69   82    0  9932
  73   78    0  9914
  42   60    0  9894
  13   41    0  9872
  22   30    0  9848
   3   91    0  9821
  64   85    0  9793
   4   90    0  9763
  25   68    0  9731
  18   37    0  9697
   5   89    0  9661
  28   65    0  9623
  48   55    0  9583
  43   59    0  9541
   8   86    0  9498
   2   92    0  9452
  27   66    0  9405
   1   93    0  9356
  23   29    0  9306
   9   63    0  9253
  71   81    0  9199
  46   55    0  9144
  70   80    0  9087
  69   83    0  9028
  25   67    0  8967
  63   75    0  8906
   9   34    0  8842
  17   37    0  8778
  26   66    0  8712
   2   14    0  8644
  17   32    0  8576
  77   84    0  8506
  18   63    0  8434
  48   54    0  8362
  54   84    0  8289
   5   64    0  8214
  39   64    0  8138
  16   64    0  8062
  24   33    0  7984
  18   38    0  7905
   2   75    0  7826
  62   75    0  7745
  43   60    0  7664
  14   41    0  7582
   4   64    0  7500
  14   74    0  7416
  32   75    0  7332
  10   62    0  7248
  10   63    0  7163
  26   65    0  7077
   2   93    0  6991
  30   86    0  6905
  13   81    0  6818
  14   63    0  6731
  46   93    0  6643
  18   34    0  6555
  14   22    0  6467
  22   64    0  6379
  38   83    0  6291
   3   28    0  6203
  66   85    0  6114
  17   39    0  6026
   3   90    0  5937
   1   84    0  5849
  21   31    0  5760
  14   30    0  5672
  78   85    0  5584
  41   81    0  5496
  74   79    0  5409
  76   91    0  5322
  19   37    0  5234
  68   86    0  5148
   6   11    0  5061
   9   46    0  4975
  32   53    0  4890
  37   84    0  4805
   5   14    0  4720
   2   62    0  4636
  13   71    0  4553
  66   86    0  4469
  32   74    0  4387
   8   91    0  4305
   1   66    0  4224
   1   10    0  4143
  18   33    0  4064
  30   64    0  3984
  60   91    0  3906
  75   86    0  3828
  63   84    0  3751
  73   79    0  3675
  62   89    0  3599
   1   24    0  3525
  27   59    0  3451
