2 2 87
3 3 87
4 4 87
5 5 87
6 6 87
7 7 87
8 8 87
9 9 87
13 13 39
14 14 39
15 15 39
16 16 39
17 17 39
18 18 39
21 21 30
22 22 30
23 23 30
24 24 30
29 29 22
30 30 22
31 31 22
32 32 22
37 37 17
38 38 17
39 39 17
40 40 17
41 41 17
43 43 55
44 44 55
45 45 55
46 46 55
47 47 55
48 48 55
49 49 55
50 50 55
54 54 43
55 55 43
56 56 43
57 57 43
58 58 43
59 59 43
60 60 43
61 61 43
64 64 85
65 65 85
69 69 79
70 70 79
71 71 79
72 72 79
73 73 79
74 74 79
78 78 70
79 79 70
80 80 70
81 81 70
82 82 70
83 83 70
87 87 2
88 88 2
89 89 2
90 90 2
91 91 2
92 92 2
93 93 2
