2 181   0  10000
3 180   0  10000
4 179   0  10000
5 178   0  10000
8 175   0  10000
12 119   0  10000
13 118   0  10000
14 117   0  10000
15 116   0  10000
16 114   0  10000
17 113   0  10000
21 110   0  10000
22 109   0  10000
23 108   0  10000
24 107   0  10000
25 106   0  10000
26 105   0  10000
32 100   0  10000
33 99   0  10000
34 98   0  10000
36 97   0  10000
37 96   0  10000
38 95   0  10000
39 94   0  10000
41 87   0  10000
43 85   0  10000
47 66   0  10000
48 65   0  10000
49 64   0  10000
50 63   0  10000
51 62   0  10000
52 61   0  10000
53 60   0  10000
54 59   0  10000
70 80   0  10000
71 79   0  10000
125 157   0  10000
126 156   0  10000
127 155   0  10000
128 154   0  10000
131 153   0  10000
132 151   0  10000
133 150   0  10000
134 149   0  10000
135 148   0  10000
136 147   0  10000
137 146   0  10000
184 202   0  10000
186 200   0  10000
187 199   0  10000
188 198   0  10000
189 197   0  10000
190 196   0  10000
217 246   0  10000
218 245   0  10000
220 238   0  10000
222 235   0  10000
223 234   0  10000
224 233   0  10000
225 232   0  10000
226 231   0  10000
