0 0
1 0
2 179
3 179
4 179
5 179
6 0
7 0
8 175
9 0
10 0
11 0
12 114
13 114
14 114
15 114
16 114
17 114
18 0
19 0
20 0
21 106
22 106
23 106
24 106
25 106
26 106
27 0
28 0
29 0
30 0
31 0
32 85
33 85
34 85
35 85
36 85
37 85
38 85
39 85
40 85
41 85
42 85
43 85
44 0
45 0
46 0
47 60
48 60
49 60
50 60
51 60
52 60
53 60
54 60
55 0
56 0
57 0
58 0
59 48
60 48
61 48
62 48
63 48
64 48
65 48
66 48
67 0
68 0
69 0
70 79
71 79
72 0
73 0
74 0
75 0
76 0
77 0
78 0
79 70
80 70
81 0
82 0
83 0
84 0
85 42
86 42
87 42
88 0
89 0
90 0
91 0
92 0
93 0
94 33
95 33
96 33
97 33
98 33
99 33
100 33
101 0
102 0
103 0
104 0
105 22
106 22
107 22
108 22
109 22
110 22
111 0
112 0
113 13
114 13
115 13
116 13
117 13
118 13
119 13
120 0
121 0
122 0
123 0
124 0
125 155
126 155
127 155
128 155
129 0
130 0
131 147
132 147
133 147
134 147
135 147
136 147
137 147
138 0
139 0
140 0
141 0
142 0
143 0
144 0
145 0
146 126
147 126
148 126
149 126
150 126
151 126
152 126
153 126
154 126
155 126
156 126
157 126
158 0
159 0
160 0
161 0
162 0
163 0
164 0
165 0
166 0
167 0
168 0
169 0
170 0
171 0
172 0
173 0
174 0
175 8
176 0
177 0
178 3
179 3
180 3
181 3
182 0
183 0
184 197
185 197
186 197
187 197
188 197
189 197
190 197
191 0
192 0
193 0
194 0
195 0
196 184
197 184
198 184
199 184
200 184
201 184
202 184
203 0
204 0
205 0
206 0
207 0
208 0
209 0
210 0
211 0
212 0
213 0
214 0
215 0
216 0
217 232
218 232
219 232
220 232
221 232
222 232
223 232
224 232
225 232
226 232
227 0
228 0
229 0
230 0
231 223
232 223
233 223
234 223
235 223
236 0
237 0
238 220
239 0
240 0
241 0
242 0
243 0
244 0
245 217
246 217
247 0
