 186  200    0  9999
 226  247    0  9998
 187  199    0  9996
 188  198    0  9993
 189  197    0  9989
 134  149    0  9985
   5  178    0  9980
 133  150    0  9974
 166  216    0  9967
 135  148    0  9959
   4  179    0  9951
 190  196    0  9941
 136  147    0  9931
   8  174    0  9921
   1  182    0  9909
  15  116    0  9896
 122  160    0  9883
 185  201    0  9869
 127  155    0  9854
  22  109    0  9839
 172  211    0  9823
 169  212    0  9806
  26  105    0  9788
 184  202    0  9769
 167  216    0  9750
 125  157    0  9730
 137  146    0  9709
  27  106    0  9687
  23  108    0  9665
  16  114    0  9642
  27  104    0  9618
  24  107    0  9593
 125  156    0  9568
 130  151    0  9542
  89   94    0  9516
  26  106    0  9488
   2  181    0  9460
 128  154    0  9432
  51   56    0  9402
 173  208    0  9372
 125  130    0  9342
  33  100    0  9310
  85   91    0  9278
 121  161    0  9246
  48   59    0  9212
 132  150    0  9179
 131  151    0  9144
  88   94    0  9109
  28  228    0  9073
  49   56    0  9037
  28  103    0  9000
  76   90    0  8963
  50   55    0  8925
  74   93    0  8886
 122  158    0  8847
  26  103    0  8807
  97  103    0  8767
 157  166    0  8726
  33   99    0  8685
  72   90    0  8643
  76   86    0  8601
  95  103    0  8558
  66   75    0  8515
  49  138    0  8471
  34   39    0  8427
  29   40    0  8383
