97 125  0 8  0.1
96 126  0 8  0.1
95 127  0 8  0.1
94 128  0 8  0.1
93 129  0 8  0.1
92 130  0 8  0.1
91 131  0 8  0.1
90 132  0 8  0.1
89 133  0 8  0.1
88 134  0 8  0.1
79 135  0 8  0.1
78 136  0 8  0.1
77 137  0 8  0.1
76 138  0 8  0.1
75 139  0 8  0.1
74 140  0 8  0.1
6 17  0 8  0.1
5 18  0 8  0.1
44 57  0 8  0.1
43 58  0 8  0.1
42 59  0 8  0.1
4 19  0 8  0.1
41 60  0 8  0.1
40 61  0 8  0.1
38 63  0 8  0.1
37 64  0 8  0.1
36 65  0 8  0.1
35 66  0 8  0.1
34 67  0 8  0.1
3 20  0 8  0.1
31 69  0 8  0.1
30 70  0 8  0.1
29 71  0 8  0.1
28 72  0 8  0.1
27 73  0 8  0.1
2 21  0 8  0.1
1 22  0 8  0.1
108 113  0 8  0.1
107 114  0 8  0.1
106 115  0 8  0.1
105 116  0 8  0.1
104 117  0 8  0.1
103 118  0 8  0.1
102 119  0 8  0.1
101 120  0 8  0.1
