  13   31  0 8  0.99986
   7   58  0 8  0.99943
  15   29  0 8  0.99872
  14   30  0 8  0.99772
  16   28  0 8  0.99643
  17   27  0 8  0.99487
   9   56  0 8  0.99302
   8   57  0 8  0.99090
  40   49  0 8  0.98850
  10   55  0 8  0.98582
  41   48  0 8  0.98286
  18   26  0 8  0.97964
  39   45  0 8  0.97615
  39   49  0 8  0.97239
  41   47  0 8  0.96837
  44   51  0 8  0.96409
  38   47  0 8  0.95955
  40   48  0 8  0.95477
  18   60  0 8  0.94974
   6   21  0 8  0.94446
  48   60  0 8  0.93894
  40   46  0 8  0.93319
   6   59  0 8  0.92721
  12   18  0 8  0.92101
  11   57  0 8  0.91458
  10   20  0 8  0.90795
   8   56  0 8  0.90110
  42   50  0 8  0.89404
  29   43  0 8  0.88679
  20   45  0 8  0.87935
  15   44  0 8  0.87172
  30   58  0 8  0.86391
   9   26  0 8  0.85593
  31   59  0 8  0.84777
  30   55  0 8  0.83946
  18   57  0 8  0.83099
  11   19  0 8  0.82236
  27   57  0 8  0.81360
  35   48  0 8  0.80470
  21   29  0 8  0.79567
  26   46  0 8  0.78652
  27   36  0 8  0.77724
  21   59  0 8  0.76786
   8   13  0 8  0.75838
  47   59  0 8  0.74880
  37   47  0 8  0.73913
   8   31  0 8  0.72937
  31   56  0 8  0.71954
   8   23  0 8  0.70964
  23   31  0 8  0.69967
  12   31  0 8  0.68965
  39   44  0 8  0.67958
   7   12  0 8  0.66946
   9   17  0 8  0.65930
  23   49  0 8  0.64912
  21   40  0 8  0.63890
  41   46  0 8  0.62867
  25   36  0 8  0.61843
  29   49  0 8  0.60818
  26   43  0 8  0.59793
   9   58  0 8  0.58768
   7   25  0 8  0.57744
  17   38  0 8  0.56722
  16   40  0 8  0.55703
  21   46  0 8  0.54686
  45   51  0 8  0.53672
   6   41  0 8  0.52661
  42   47  0 8  0.51656
  24   44  0 8  0.50654
  40   50  0 8  0.49659
