9 335  0 8  0.1
92 97  0 8  0.1
91 98  0 8  0.1
90 99  0 8  0.1
89 100  0 8  0.1
88 101  0 8  0.1
85 107  0 8  0.1
84 108  0 8  0.1
8 336  0 8  0.1
83 109  0 8  0.1
82 110  0 8  0.1
78 199  0 8  0.1
77 200  0 8  0.1
76 201  0 8  0.1
75 202  0 8  0.1
74 203  0 8  0.1
7 337  0 8  0.1
73 204  0 8  0.1
72 205  0 8  0.1
71 206  0 8  0.1
70 209  0 8  0.1
69 210  0 8  0.1
68 211  0 8  0.1
67 212  0 8  0.1
65 214  0 8  0.1
6 338  0 8  0.1
63 215  0 8  0.1
62 216  0 8  0.1
61 217  0 8  0.1
60 218  0 8  0.1
59 219  0 8  0.1
58 220  0 8  0.1
5 339  0 8  0.1
48 52  0 8  0.1
47 53  0 8  0.1
46 54  0 8  0.1
4 340  0 8  0.1
3 341  0 8  0.1
317 326  0 8  0.1
316 327  0 8  0.1
29 34  0 8  0.1
284 289  0 8  0.1
28 35  0 8  0.1
283 290  0 8  0.1
282 291  0 8  0.1
281 292  0 8  0.1
280 293  0 8  0.1
279 294  0 8  0.1
278 295  0 8  0.1
277 296  0 8  0.1
275 298  0 8  0.1
274 299  0 8  0.1
27 36  0 8  0.1
273 300  0 8  0.1
26 37  0 8  0.1
25 38  0 8  0.1
24 40  0 8  0.1
242 251  0 8  0.1
241 252  0 8  0.1
240 253  0 8  0.1
239 254  0 8  0.1
237 257  0 8  0.1
236 258  0 8  0.1
235 259  0 8  0.1
234 260  0 8  0.1
2 342  0 8  0.1
23 41  0 8  0.1
233 261  0 8  0.1
231 263  0 8  0.1
229 265  0 8  0.1
228 266  0 8  0.1
227 267  0 8  0.1
226 268  0 8  0.1
225 269  0 8  0.1
224 270  0 8  0.1
22 42  0 8  0.1
21 43  0 8  0.1
20 44  0 8  0.1
19 306  0 8  0.1
187 192  0 8  0.1
186 193  0 8  0.1
185 194  0 8  0.1
184 195  0 8  0.1
183 196  0 8  0.1
18 307  0 8  0.1
182 197  0 8  0.1
181 198  0 8  0.1
17 308  0 8  0.1
165 173  0 8  0.1
164 174  0 8  0.1
163 175  0 8  0.1
16 309  0 8  0.1
162 176  0 8  0.1
161 177  0 8  0.1
160 178  0 8  0.1
15 310  0 8  0.1
14 311  0 8  0.1
135 140  0 8  0.1
1 343  0 8  0.1
134 141  0 8  0.1
133 142  0 8  0.1
13 312  0 8  0.1
132 143  0 8  0.1
131 144  0 8  0.1
130 145  0 8  0.1
129 146  0 8  0.1
128 147  0 8  0.1
127 148  0 8  0.1
126 152  0 8  0.1
125 153  0 8  0.1
124 154  0 8  0.1
12 313  0 8  0.1
11 333  0 8  0.1
10 334  0 8  0.1
