1 343
2 342
3 341
4 340
5 339
6 338
7 337
8 336
9 335
10 334
11 333
12 313
13 312
14 311
15 310
16 309
17 308
18 307
19 306
20 44
21 43
22 42
23 41
24 40
25 38
26 37
27 36
28 35
29 34
46 54
47 53
48 52
58 220
59 219
60 218
61 217
62 216
63 215
65 214
67 212
68 211
69 210
70 209
71 206
72 205
73 204
74 203
75 202
76 201
77 200
78 199
82 110
83 109
84 108
85 107
88 101
89 100
90 99
91 98
92 97
124 154
125 153
126 152
127 148
128 147
129 146
130 145
131 144
132 143
133 142
134 141
135 140
160 178
161 177
162 176
163 175
164 174
165 173
181 198
182 197
183 196
184 195
185 194
186 193
187 192
224 270
225 269
226 268
227 267
228 266
229 265
231 263
233 261
234 260
235 259
236 258
237 257
239 254
240 253
241 252
242 251
273 300
274 299
275 298
277 296
278 295
279 294
280 293
281 292
282 291
283 290
284 289
316 327
317 326
