  16   25  0 8  0.99989
  14   27  0 8  0.99955
  17   24  0 8  0.99899
   3   86  0 8  0.99820
  15   26  0 8  0.99719
  43   60  0 8  0.99596
   4   85  0 8  0.99451
  42   61  0 8  0.99283
  29   74  0 8  0.99094
   6   83  0 8  0.98883
   2   87  0 8  0.98650
   1   88  0 8  0.98395
  45   58  0 8  0.98119
  44   59  0 8  0.97822
   5   84  0 8  0.97504
  12   28  0 8  0.97165
  37   67  0 8  0.96805
  46   57  0 8  0.96425
   7   82  0 8  0.96025
  36   68  0 8  0.95605
  38   66  0 8  0.95166
  47   56  0 8  0.94707
  39   65  0 8  0.94229
  10   79  0 8  0.93733
  13   76  0 8  0.93218
  41   62  0 8  0.92686
  10   34  0 8  0.92135
  10   39  0 8  0.91568
  13   75  0 8  0.90983
  13   28  0 8  0.90382
   7   37  0 8  0.89765
  18   46  0 8  0.89132
  65   77  0 8  0.88483
   2   41  0 8  0.87819
  32   71  0 8  0.87141
  18   23  0 8  0.86449
   8   83  0 8  0.85743
   6   80  0 8  0.85023
  21   52  0 8  0.84291
  51   56  0 8  0.83546
   7   36  0 8  0.82789
   5   83  0 8  0.82020
  23   53  0 8  0.81241
  50   62  0 8  0.80451
  46   56  0 8  0.79650
  37   82  0 8  0.78840
  23   45  0 8  0.78020
   3   37  0 8  0.77192
  34   52  0 8  0.76355
  34   39  0 8  0.75510
  15   77  0 8  0.74658
  23   49  0 8  0.73799
  43   61  0 8  0.72934
  20   44  0 8  0.72062
  25   34  0 8  0.71185
  22   52  0 8  0.70303
  48   61  0 8  0.69416
  10   65  0 8  0.68525
  80   85  0 8  0.67630
  41   63  0 8  0.66731
  48   56  0 8  0.65830
   6   67  0 8  0.64927
  44   75  0 8  0.64021
   3   87  0 8  0.63114
   4   84  0 8  0.62206
  13   87  0 8  0.61297
  22   44  0 8  0.60388
  18   77  0 8  0.59479
  26   77  0 8  0.58570
  42   60  0 8  0.57663
  23   50  0 8  0.56756
  20   58  0 8  0.55852
  50   80  0 8  0.54949
  19   49  0 8  0.54049
  18   24  0 8  0.53152
  13   37  0 8  0.52257
  45   78  0 8  0.51367
  52   58  0 8  0.50480
  27   67  0 8  0.49597
  13   27  0 8  0.48719
  48   53  0 8  0.47846
  12   33  0 8  0.46977
   1   57  0 8  0.46114
  49   78  0 8  0.45257
  44   50  0 8  0.44406
  45   77  0 8  0.43561
  18   62  0 8  0.42722
   1   63  0 8  0.41890
  29   37  0 8  0.41066
  65   79  0 8  0.40248
   4   83  0 8  0.39438
  52   57  0 8  0.38635
  16   34  0 8  0.37840
  62   78  0 8  0.37053
  15   29  0 8  0.36275
  21   58  0 8  0.35505
  51   59  0 8  0.34743
  19   75  0 8  0.33990
   3   10  0 8  0.33246
   8   21  0 8  0.32511
   2   40  0 8  0.31785
  59   75  0 8  0.31068
  43   79  0 8  0.30361
  19   24  0 8  0.29663
  24   52  0 8  0.28974
  46   58  0 8  0.28295
   3   84  0 8  0.27626
  17   75  0 8  0.26967
