 280  293  0 8  0.99997
 237  258  0 8  0.99988
  24   39  0 8  0.99974
 183  196  0 8  0.99954
 281  292  0 8  0.99928
 187  192  0 8  0.99896
 283  290  0 8  0.99859
 279  294  0 8  0.99816
  92   97  0 8  0.99767
 235  260  0 8  0.99712
  23   41  0 8  0.99652
  77   83  0 8  0.99586
 184  195  0 8  0.99514
 282  291  0 8  0.99437
 186  193  0 8  0.99354
 164  174  0 8  0.99265
 236  259  0 8  0.99171
  25   38  0 8  0.99071
   6  338  0 8  0.98965
 182  197  0 8  0.98854
 131  144  0 8  0.98737
 130  145  0 8  0.98615
 185  194  0 8  0.98487
 284  289  0 8  0.98354
 278  295  0 8  0.98215
 132  143  0 8  0.98071
 225  269  0 8  0.97921
   1  343  0 8  0.97766
  26   37  0 8  0.97606
  89  100  0 8  0.97440
   9  335  0 8  0.97269
 241  251  0 8  0.97092
  70  214  0 8  0.96910
  68  216  0 8  0.96723
   2  342  0 8  0.96531
  91   98  0 8  0.96334
   8  336  0 8  0.96132
  90   99  0 8  0.95924
   5  339  0 8  0.95711
 240  252  0 8  0.95494
 181  198  0 8  0.95271
  88  101  0 8  0.95043
   7  337  0 8  0.94811
  13  312  0 8  0.94574
  15  310  0 8  0.94331
 242  250  0 8  0.94084
 133  142  0 8  0.93832
  14  311  0 8  0.93576
  71  213  0 8  0.93315
  75   85  0 8  0.93049
 226  268  0 8  0.92778
  16  309  0 8  0.92503
  21   43  0 8  0.92224
  69  215  0 8  0.91940
  74   86  0 8  0.91652
  60  218  0 8  0.91359
   3  341  0 8  0.91062
  56  325  0 8  0.90761
  17  308  0 8  0.90455
  57  324  0 8  0.90145
  27   36  0 8  0.89832
  22   42  0 8  0.89514
 277  296  0 8  0.89192
  12  313  0 8  0.88866
  59  219  0 8  0.88536
 134  141  0 8  0.88203
  73   87  0 8  0.87865
 129  146  0 8  0.87524
  72  212  0 8  0.87179
 239  253  0 8  0.86831
 165  173  0 8  0.86479
 234  261  0 8  0.86123
 135  140  0 8  0.85764
 102  211  0 8  0.85401
 108  208  0 8  0.85035
  64  247  0 8  0.84666
 227  267  0 8  0.84294
  28   35  0 8  0.83918
 163  175  0 8  0.83539
  18  307  0 8  0.83157
 179  201  0 8  0.82772
   4  340  0 8  0.82384
 224  270  0 8  0.81993
  76   84  0 8  0.81600
 111  203  0 8  0.81203
 275  297  0 8  0.80804
 120  159  0 8  0.80402
 126  151  0 8  0.79998
  65  246  0 8  0.79591
  10  334  0 8  0.79181
  66  245  0 8  0.78769
 180  200  0 8  0.78355
 103  210  0 8  0.77938
  61  217  0 8  0.77520
 243  249  0 8  0.77098
 110  204  0 8  0.76675
 117  123  0 8  0.76250
 274  298  0 8  0.75823
  85  287  0 8  0.75393
  86  190  0 8  0.74962
  75  287  0 8  0.74529
  74  190  0 8  0.74095
 160  178  0 8  0.73658
 128  147  0 8  0.73220
 127  148  0 8  0.72780
 123  159  0 8  0.72339
  50  330  0 8  0.71897
 111  120  0 8  0.71452
 221  272  0 8  0.71007
   3   95  0 8  0.70560
 127  151  0 8  0.70112
 165  174  0 8  0.69663
 243  250  0 8  0.69213
  54  327  0 8  0.68762
 108  205  0 8  0.68309
 274  297  0 8  0.67856
 164  173  0 8  0.67402
  42  298  0 8  0.66947
 232  262  0 8  0.66491
  29   34  0 8  0.66035
  95  341  0 8  0.65578
  11  333  0 8  0.65120
 228  266  0 8  0.64662
  22  298  0 8  0.64204
  73   88  0 8  0.63744
 244  249  0 8  0.63285
 280  292  0 8  0.62825
 125  152  0 8  0.62365
  73  101  0 8  0.61905
  87  101  0 8  0.61445
  64  244  0 8  0.60984
 120  202  0 8  0.60524
 278  296  0 8  0.60063
 117  159  0 8  0.59603
  65  245  0 8  0.59143
 120  156  0 8  0.58683
 162  176  0 8  0.58223
 242  248  0 8  0.57763
  63  247  0 8  0.57304
 282  292  0 8  0.56845
 126  149  0 8  0.56387
 281  291  0 8  0.55929
 231  304  0 8  0.55471
 181  201  0 8  0.55014
 277  295  0 8  0.54558
 281  293  0 8  0.54102
 278  298  0 8  0.53647
 242  249  0 8  0.53193
  62  249  0 8  0.52740
 162  174  0 8  0.52287
 104  210  0 8  0.51836
  75   84  0 8  0.51385
 124  152  0 8  0.50935
 131  143  0 8  0.50487
  76   85  0 8  0.50039
 104  111  0 8  0.49593
  62  245  0 8  0.49147
 239  251  0 8  0.48703
 231  262  0 8  0.48260
 224  324  0 8  0.47819
  22   43  0 8  0.47378
 178  199  0 8  0.46939
 159  179  0 8  0.46502
  20   44  0 8  0.46066
 234  262  0 8  0.45631
 186  194  0 8  0.45198
 117  122  0 8  0.44766
  21   42  0 8  0.44336
 126  148  0 8  0.43908
 159  202  0 8  0.43481
 233  261  0 8  0.43056
 107  209  0 8  0.42632
 131  145  0 8  0.42210
  57  224  0 8  0.41790
 270  324  0 8  0.41372
 161  177  0 8  0.40956
  57  270  0 8  0.40541
  29   35  0 8  0.40128
  91   99  0 8  0.39718
 160  200  0 8  0.39309
  11  314  0 8  0.38902
 237  257  0 8  0.38497
 125  149  0 8  0.38094
 134  140  0 8  0.37694
  90   98  0 8  0.37295
 179  192  0 8  0.36898
 156  304  0 8  0.36504
 192  201  0 8  0.36111
 160  199  0 8  0.35721
  63  248  0 8  0.35333
 232  263  0 8  0.34947
  67  216  0 8  0.34564
 111  201  0 8  0.34182
 239  248  0 8  0.33803
  74   85  0 8  0.33426
 113  156  0 8  0.33052
 160  180  0 8  0.32680
 178  200  0 8  0.32310
 239  255  0 8  0.31942
  43  298  0 8  0.31577
 179  187  0 8  0.31214
 283  289  0 8  0.30854
 187  201  0 8  0.30496
 162  203  0 8  0.30140
 135  141  0 8  0.29787
 113  157  0 8  0.29436
  75   86  0 8  0.29088
  82  286  0 8  0.28742
 125  151  0 8  0.28399
 104  202  0 8  0.28058
  27   35  0 8  0.27720
 284  290  0 8  0.27384
  88   97  0 8  0.27051
 100  333  0 8  0.26720
   1  344  0 8  0.26391
 122  159  0 8  0.26066
 189  265  0 8  0.25742
 180  199  0 8  0.25422
 229  265  0 8  0.25104
 317  334  0 8  0.24788
 121  159  0 8  0.24475
  21  304  0 8  0.24164
 148  205  0 8  0.23857
 273  298  0 8  0.23551
 287  345  0 8  0.23248
  62  244  0 8  0.22948
 159  203  0 8  0.22651
  14  310  0 8  0.22355
  92  101  0 8  0.22063
 121  156  0 8  0.21773
 104  205  0 8  0.21486
 105  208  0 8  0.21201
 232  304  0 8  0.20919
 228  263  0 8  0.20639
  23  298  0 8  0.20362
 117  153  0 8  0.20088
 102  303  0 8  0.19816
 132  142  0 8  0.19546
 123  203  0 8  0.19279
  28   34  0 8  0.19015
 228  264  0 8  0.18753
 131  142  0 8  0.18494
  63  245  0 8  0.18237
   5   11  0 8  0.17983
 112  157  0 8  0.17732
  70  216  0 8  0.17482
  43  304  0 8  0.17236
 231  335  0 8  0.16992
  77  286  0 8  0.16750
  66  308  0 8  0.16511
 105  211  0 8  0.16274
 104  208  0 8  0.16040
 108  210  0 8  0.15808
  12  312  0 8  0.15579
 242  247  0 8  0.15352
  95  339  0 8  0.15128
 162  179  0 8  0.14906
 235  259  0 8  0.14686
 181  202  0 8  0.14469
  21  298  0 8  0.14254
  72  101  0 8  0.14042
 273  338  0 8  0.13832
 243  248  0 8  0.13624
 179  200  0 8  0.13419
 282  293  0 8  0.13216
 316  346  0 8  0.13015
  12  317  0 8  0.12816
  81  246  0 8  0.12620
 239  249  0 8  0.12427
  76  304  0 8  0.12235
 104  117  0 8  0.12046
  84  304  0 8  0.11859
 230  304  0 8  0.11674
 120  201  0 8  0.11491
 104  287  0 8  0.11311
 124  149  0 8  0.11133
 101  212  0 8  0.10957
 172  177  0 8  0.10783
 231  263  0 8  0.10611
 122  156  0 8  0.10442
 134  142  0 8  0.10274
 240  246  0 8  0.10109
 245  266  0 8  0.09946
   6  339  0 8  0.09784
 241  250  0 8  0.09625
 230  260  0 8  0.09468
  81  273  0 8  0.09313
   9  334  0 8  0.09160
 122  201  0 8  0.09009
  83  218  0 8  0.08860
  28   37  0 8  0.08713
 203  270  0 8  0.08568
 280  294  0 8  0.08424
  88  212  0 8  0.08283
 279  293  0 8  0.08144
 148  189  0 8  0.08006
 225  270  0 8  0.07871
  73  286  0 8  0.07737
  72  227  0 8  0.07605
   6  273  0 8  0.07475
  60   77  0 8  0.07346
 211  303  0 8  0.07220
 256  303  0 8  0.07095
 110  202  0 8  0.06972
 105  122  0 8  0.06851
 120  304  0 8  0.06731
 143  282  0 8  0.06613
 123  201  0 8  0.06497
  33  105  0 8  0.06382
 230  265  0 8  0.06270
  24   42  0 8  0.06158
 245  251  0 8  0.06049
 216  245  0 8  0.05941
  15  215  0 8  0.05834
 156  203  0 8  0.05730
 124  151  0 8  0.05626
  66  244  0 8  0.05525
 227  264  0 8  0.05425
  10  317  0 8  0.05326
 319  329  0 8  0.05229
 227  263  0 8  0.05133
 153  216  0 8  0.05039
  13  313  0 8  0.04946
   1  342  0 8  0.04855
 111  205  0 8  0.04765
 303  308  0 8  0.04676
  60   76  0 8  0.04589
  77  218  0 8  0.04503
 255  302  0 8  0.04419
 238  255  0 8  0.04336
 286  346  0 8  0.04254
  60   84  0 8  0.04173
   3  257  0 8  0.04094
   9  231  0 8  0.04016
  94  142  0 8  0.03939
 239  254  0 8  0.03864
 239  257  0 8  0.03790
 117  138  0 8  0.03717
 126  152  0 8  0.03645
 261  302  0 8  0.03574
   5   95  0 8  0.03505
 282  290  0 8  0.03436
  26   36  0 8  0.03369
 262  304  0 8  0.03303
 161  172  0 8  0.03238
  63  342  0 8  0.03174
  87  286  0 8  0.03112
  30   94  0 8  0.03050
 239  256  0 8  0.02989
  76  218  0 8  0.02930
  15  309  0 8  0.02871
 248  266  0 8  0.02814
 127  147  0 8  0.02757
 283  298  0 8  0.02701
  60   83  0 8  0.02647
  77   82  0 8  0.02593
  55  326  0 8  0.02540
  43  156  0 8  0.02489
 231  303  0 8  0.02438
 121  333  0 8  0.02388
 189  347  0 8  0.02339
 230  263  0 8  0.02290
  84  218  0 8  0.02243
  15  312  0 8  0.02196
 132  144  0 8  0.02151
 166  172  0 8  0.02106
 105  202  0 8  0.02062
   2   63  0 8  0.02019
  72   88  0 8  0.01976
  23   42  0 8  0.01935
 189  286  0 8  0.01894
 224  269  0 8  0.01854
 251  266  0 8  0.01814
  91   97  0 8  0.01776
 237  260  0 8  0.01738
 103  208  0 8  0.01701
 212  270  0 8  0.01664
 248  315  0 8  0.01628
 281  294  0 8  0.01593
  92   98  0 8  0.01559
 130  143  0 8  0.01525
 238  253  0 8  0.01492
 111  210  0 8  0.01459
 215  310  0 8  0.01427
 139  234  0 8  0.01396
   9  339  0 8  0.01365
  60  235  0 8  0.01335
 225  268  0 8  0.01306
 179  202  0 8  0.01277
 103  108  0 8  0.01248
  64  245  0 8  0.01221
 202  256  0 8  0.01193
  67  258  0 8  0.01167
 112  123  0 8  0.01141
  16  308  0 8  0.01115
 236  260  0 8  0.01090
  22  108  0 8  0.01065
  17  249  0 8  0.01041
 137  253  0 8  0.01017
 256  297  0 8  0.00994
  64  249  0 8  0.00972
  82  302  0 8  0.00949
   5  335  0 8  0.00928
  33  290  0 8  0.00906
 122  304  0 8  0.00885
 159  201  0 8  0.00865
   4  341  0 8  0.00845
   6  303  0 8  0.00825
 197  333  0 8  0.00806
 153  333  0 8  0.00787
 181  199  0 8  0.00769
 309  335  0 8  0.00751
 185  193  0 8  0.00733
  21  156  0 8  0.00716
 232  264  0 8  0.00699
 104  206  0 8  0.00682
 267  314  0 8  0.00666
 227  314  0 8  0.00650
 105  142  0 8  0.00635
 228  265  0 8  0.00620
  74  179  0 8  0.00605
  15   69  0 8  0.00590
 112  268  0 8  0.00576
 156  174  0 8  0.00562
 187  338  0 8  0.00549
 121  315  0 8  0.00535
 107  206  0 8  0.00522
  34  286  0 8  0.00510
   7  336  0 8  0.00497
 280  296  0 8  0.00485
 243  251  0 8  0.00473
 232  266  0 8  0.00462
  12  303  0 8  0.00450
  28   36  0 8  0.00439
 256  266  0 8  0.00428
  64  246  0 8  0.00418
 334  339  0 8  0.00407
 130  162  0 8  0.00397
 252  346  0 8  0.00387
  54   66  0 8  0.00378
  65  247  0 8  0.00368
  24  185  0 8  0.00359
 195  228  0 8  0.00350
  65  248  0 8  0.00341
 133  143  0 8  0.00332
 121  249  0 8  0.00324
 195  252  0 8  0.00316
 133  141  0 8  0.00308
 181  197  0 8  0.00300
  62  256  0 8  0.00292
 161  166  0 8  0.00285
 202  298  0 8  0.00277
 224  316  0 8  0.00270
 105  274  0 8  0.00263
 142  286  0 8  0.00256
