  92  106  0 8  0.99991
  76   82  0 8  0.99964
  17   25  0 8  0.99919
   3   12  0 8  0.99856
  67   79  0 8  0.99775
   3    9  0 8  0.99676
   7   12  0 8  0.99560
  11   63  0 8  0.99425
  12  110  0 8  0.99273
  26  101  0 8  0.99103
  61   92  0 8  0.98916
   5   10  0 8  0.98711
  26   34  0 8  0.98489
  74  111  0 8  0.98250
  73   82  0 8  0.97993
   2   18  0 8  0.97720
  17   24  0 8  0.97430
  10   39  0 8  0.97123
  18   34  0 8  0.96800
  36   41  0 8  0.96461
  18   32  0 8  0.96105
   4   20  0 8  0.95733
   8   14  0 8  0.95346
  34   39  0 8  0.94943
  64   80  0 8  0.94525
  85  110  0 8  0.94092
  22   83  0 8  0.93643
   8   13  0 8  0.93181
  10   41  0 8  0.92703
  47   73  0 8  0.92212
  20   31  0 8  0.91707
  78   84  0 8  0.91188
 101  110  0 8  0.90655
  83   92  0 8  0.90110
  42  100  0 8  0.89551
  22   31  0 8  0.88980
  63   79  0 8  0.88397
  12   78  0 8  0.87802
  23   34  0 8  0.87195
  14   24  0 8  0.86576
  57  107  0 8  0.85947
  57   62  0 8  0.85307
  48   99  0 8  0.84656
   6   17  0 8  0.83995
  35   78  0 8  0.83324
  55   71  0 8  0.82644
  76   81  0 8  0.81954
   3   48  0 8  0.81256
   7   24  0 8  0.80549
  55   70  0 8  0.79834
  45   65  0 8  0.79111
  34  107  0 8  0.78380
   2   11  0 8  0.77642
  23  106  0 8  0.76897
   6   24  0 8  0.76146
  16   22  0 8  0.75388
   8   74  0 8  0.74624
  84  111  0 8  0.73855
  59   99  0 8  0.73081
  14   21  0 8  0.72302
  77  110  0 8  0.71518
  20   32  0 8  0.70730
   1   75  0 8  0.69938
  47   76  0 8  0.69142
  42   75  0 8  0.68343
  63  108  0 8  0.67541
  14   65  0 8  0.66737
 103  108  0 8  0.65930
   4   32  0 8  0.65121
  22   85  0 8  0.64311
 100  108  0 8  0.63499
   9  111  0 8  0.62686
  58   92  0 8  0.61873
  14   19  0 8  0.61059
  11   79  0 8  0.60245
  18   31  0 8  0.59431
  94  106  0 8  0.58617
   8   44  0 8  0.57804
   3   84  0 8  0.56992
  14   41  0 8  0.56182
  19   77  0 8  0.55373
  18   23  0 8  0.54566
  46  109  0 8  0.53761
  13  100  0 8  0.52958
  60   91  0 8  0.52158
  16   75  0 8  0.51360
  33   93  0 8  0.50566
  82   89  0 8  0.49775
  18   30  0 8  0.48988
   6   12  0 8  0.48204
  19  108  0 8  0.47424
  92  107  0 8  0.46649
  12   35  0 8  0.45878
  12   21  0 8  0.45111
 101  111  0 8  0.44350
   9   16  0 8  0.43593
   1    9  0 8  0.42842
   3  110  0 8  0.42096
  83   89  0 8  0.41355
  59  107  0 8  0.40620
  78  111  0 8  0.39891
  35   41  0 8  0.39169
  42   74  0 8  0.38452
  14   44  0 8  0.37741
  47   82  0 8  0.37037
  47  103  0 8  0.36340
  17   23  0 8  0.35649
  81   92  0 8  0.34965
   8   78  0 8  0.34288
  88  109  0 8  0.33619
  42   64  0 8  0.32956
  60   98  0 8  0.32300
  96  111  0 8  0.31652
  69   93  0 8  0.31012
  22   36  0 8  0.30378
  47   53  0 8  0.29753
   4   47  0 8  0.29135
   6   98  0 8  0.28524
  46   75  0 8  0.27922
  37   93  0 8  0.27327
  85   98  0 8  0.26740
  79  109  0 8  0.26161
   1   52  0 8  0.25590
   2   30  0 8  0.25027
  81  109  0 8  0.24472
  10   34  0 8  0.23924
  46   73  0 8  0.23385
  99  108  0 8  0.22854
   5   11  0 8  0.22331
  13   35  0 8  0.21816
  26   46  0 8  0.21309
   3    8  0 8  0.20810
  66   79  0 8  0.20319
  47  102  0 8  0.19836
  20   83  0 8  0.19361
