  52   61    0  9999
  28  129    0  9997
  79   99    0  9994
  83   95    0  9990
  25  132    0  9984
  39  107    0  9977
 114  121    0  9969
  24  133    0  9960
  26  131    0  9949
  78  100    0  9938
 113  122    0  9925
  80   98    0  9911
  27  130    0  9895
  51   62    0  9879
  38  108    0  9861
  23  134    0  9842
   4  157    0  9822
  82   96    0  9800
  37  109    0  9778
  40  106    0  9754
 112  123    0  9729
   6  155    0  9703
  29  128    0  9676
 115  120    0  9648
  46   67    0  9619
   3  158    0  9588
   5  156    0  9557
  19   74    0  9524
  36  110    0  9491
  87  152    0  9456
  81   97    0  9420
  21   74    0  9383
  50   63    0  9346
  18  138    0  9307
   7  154    0  9267
  23  135    0  9226
  54   59    0  9184
  43   70    0  9142
  13  144    0  9098
  45   68    0  9054
  34  125    0  9008
   2  159    0  8962
  21  136    0  8915
  41  104    0  8867
  44   69    0  8818
  77  101    0  8768
  84  139    0  8717
  29  126    0  8666
  88  152    0  8614
   5  139    0  8561
 119  140    0  8508
  41   72    0  8454
  21  134    0  8399
  43  102    0  8343
   5  138    0  8287
  52  143    0  8230
  43   73    0  8172
  61  143    0  8114
  31  126    0  8055
  20   74    0  7996
  34  124    0  7936
  45   54    0  7876
  73  102    0  7815
  90  151    0  7753
  59   68    0  7691
  36  151    0  7629
 120  125    0  7566
  63  135    0  7503
 120  136    0  7440
  45   59    0  7376
 133  140    0  7311
  54   68    0  7247
  49   65    0  7182
   2   84    0  7116
 138  156    0  7051
  50   90    0  6985
  47   66    0  6919
  22  135    0  6853
  31  128    0  6786
  84  152    0  6719
  43  103    0  6653
  47   84    0  6586
   4   21    0  6518
  79   84    0  6451
 105  128    0  6384
  14   28    0  6316
  84  126    0  6249
  72  105    0  6181
   9   65    0  6114
   1   33    0  6046
  71  113    0  5978
  70  103    0  5911
   4   57    0  5843
  44   49    0  5776
  72  102    0  5708
  33  119    0  5641
  34  136    0  5574
  55  146    0  5507
  49  123    0  5440
  41  102    0  5373
