85 93    0  10000
84 94    0  10000
83 95    0  10000
82 96    0  10000
81 97    0  10000
8 153    0  10000
80 98    0  10000
79 99    0  10000
78 100    0  10000
77 101    0  10000
76 102    0  10000
7 154    0  10000
6 155    0  10000
54 59    0  10000
53 60    0  10000
52 61    0  10000
51 62    0  10000
5 156    0  10000
46 67    0  10000
45 68    0  10000
44 69    0  10000
43 70    0  10000
42 71    0  10000
4 157    0  10000
40 106    0  10000
39 107    0  10000
38 108    0  10000
37 109    0  10000
36 110    0  10000
3 158    0  10000
29 128    0  10000
28 129    0  10000
27 130    0  10000
26 131    0  10000
25 132    0  10000
24 133    0  10000
23 134    0  10000
22 135    0  10000
2 159    0  10000
21 137    0  10000
20 142    0  10000
19 143    0  10000
18 144    0  10000
17 145    0  10000
15 147    0  10000
14 148    0  10000
13 149    0  10000
1 160    0  10000
115 120    0  10000
114 121    0  10000
113 122    0  10000
112 123    0  10000
