0 0
1 153
2 153
3 153
4 153
5 153
6 153
7 153
8 153
9 0
10 0
11 0
12 0
13 0
14 0
15 0
16 0
17 0
18 0
19 0
20 0
21 0
22 0
23 0
24 0
25 0
26 0
27 0
28 0
29 0
30 0
31 0
32 0
33 0
34 0
35 0
36 0
37 0
38 0
39 0
40 0
41 0
42 68
43 68
44 68
45 68
46 68
47 0
48 0
49 0
50 0
51 0
52 60
53 60
54 60
55 0
56 0
57 0
58 0
59 53
60 53
61 53
62 0
63 0
64 0
65 0
66 0
67 43
68 43
69 43
70 43
71 43
72 0
73 0
74 0
75 0
76 0
77 0
78 0
79 0
80 0
81 0
82 0
83 0
84 0
85 0
86 0
87 0
88 0
89 0
90 0
91 0
92 10
93 0
94 0
95 0
96 0
97 0
98 0
99 0
100 0
101 0
102 0
103 0
104 0
105 0
106 0
107 0
108 0
109 0
110 0
111 0
112 0
113 121
114 121
115 121
116 0
117 0
118 0
119 0
120 114
121 114
122 114
123 0
124 0
125 0
126 0
127 0
128 0
129 0
130 0
131 0
132 0
133 0
134 0
135 0
136 0
137 0
138 0
139 0
140 0
141 0
142 0
143 0
144 0
145 0
146 0
147 0
148 8
149 8
150 0
151 0
152 0
153 0
154 2
155 2
156 2
157 2
158 2
159 2
160 2
161 0
