  92  130    0  9999
   1   22    0  9997
  91  131    0  9993
  93  129    0  9988
  36   64    0  9982
 105  116    0  9974
  35   65    0  9965
  89  133    0  9954
  90  132    0  9942
 104  117    0  9929
   2   21    0  9914
 106  115    0  9898
   3   20    0  9880
  94  128    0  9862
  37   63    0  9841
 107  114    0  9820
 108  113    0  9797
  69   81    0  9772
 103  118    0  9747
  39   61    0  9720
  70   80    0  9692
   4   19    0  9662
  66   84    0  9631
  38   62    0  9599
 102  119    0  9566
   6   17    0  9531
  71   79    0  9496
  23  111    0  9459
  67   83    0  9421
   5   18    0  9381
  68   82    0  9341
  95  127    0  9299
  26   53    0  9256
  76  139    0  9212
  77  138    0  9167
  96  126    0  9121
 101  120    0  9074
  26   50    0  9026
  78  137    0  8977
  82  136    0  8927
  34   91    0  8876
  97  124    0  8824
   7   17    0  8771
  76  138    0  8717
  97  126    0  8662
  50   58    0  8606
  42   59    0  8549
  69   82    0  8492
  27   68    0  8434
  34  131    0  8375
  35   64    0  8315
 111  139    0  8254
  93  132    0  8193
  26   58    0  8131
  19  140    0  8069
  76   85    0  8005
   7   15    0  7942
  37   88    0  7877
  71   80    0  7812
  96  128    0  7746
  34   85    0  7680
 102  120    0  7613
  23  116    0  7546
  49  140    0  7478
  47   90    0  7410
  27   82    0  7342
  26   37    0  7273
  23  139    0  7204
  50  122    0  7134
  41   59    0  7064
  80  103    0  6994
  42   58    0  6923
  42   53    0  6852
  86   92    0  6781
  58   69    0  6710
   2  105    0  6638
  65   85    0  6567
  23   75    0  6495
  68   83    0  6423
   5  140    0  6351
  91  140    0  6279
  49   70    0  6207
  66  110    0  6135
  61  108    0  6062
 120  133    0  5990
   6   16    0  5918
 104  118    0  5846
  86  130    0  5774
  36   65    0  5702
  53  107    0  5630
  49   75    0  5558
  10   16    0  5486
  25  125    0  5415
  79  137    0  5343
  58  135    0  5272
   2  128    0  5201
  25  138    0  5130
  75  139    0  5060
  82   88    0  4990
  78  136    0  4920
