97 125    0  10000
96 126    0  10000
95 127    0  10000
94 128    0  10000
93 129    0  10000
92 130    0  10000
91 131    0  10000
90 132    0  10000
89 133    0  10000
88 134    0  10000
79 135    0  10000
78 136    0  10000
77 137    0  10000
76 138    0  10000
75 139    0  10000
74 140    0  10000
6 17    0  10000
5 18    0  10000
44 57    0  10000
43 58    0  10000
42 59    0  10000
4 19    0  10000
41 60    0  10000
40 61    0  10000
38 63    0  10000
37 64    0  10000
36 65    0  10000
35 66    0  10000
34 67    0  10000
3 20    0  10000
31 69    0  10000
30 70    0  10000
29 71    0  10000
28 72    0  10000
27 73    0  10000
2 21    0  10000
1 22    0  10000
108 113    0  10000
107 114    0  10000
106 115    0  10000
105 116    0  10000
104 117    0  10000
103 118    0  10000
102 119    0  10000
101 120    0  10000
