0 0
1 0
2 107
3 107
4 0
5 0
6 0
7 102
8 102
9 0
10 0
11 0
12 0
13 0
14 0
15 26
16 26
17 26
18 0
19 0
20 0
21 0
22 0
23 0
24 0
25 50
26 50
27 50
28 50
29 50
30 50
31 50
32 0
33 0
34 44
35 44
36 44
37 0
38 0
39 0
40 0
41 0
42 0
43 34
44 34
45 34
46 34
47 0
48 0
49 0
50 50
51 50
52 50
53 50
54 50
55 50
56 50
57 0
58 0
59 0
60 0
61 74
62 74
63 74
64 74
65 74
66 0
67 0
68 0
69 0
70 0
71 0
72 0
73 62
74 62
75 62
76 62
77 62
78 0
79 0
80 31
81 31
82 0
83 0
84 0
85 0
86 0
87 0
88 0
89 0
90 29
91 29
92 0
93 0
94 0
95 0
96 0
97 0
98 0
99 0
100 0
101 0
102 7
103 7
104 0
105 0
106 0
107 2
108 2
109 0
110 0
111 0
112 0
113 0
114 0
115 0
116 0
117 0
118 0
119 0
120 0
121 0
122 0
123 0
124 0
125 0
126 0
127 0
128 0
