  34   59    0  9999
  35   58    0  9997
  32   61    0  9994
  31   62    0  9990
  33   60    0  9985
  89  105    0  9979
  90  104    0  9971
  91  103    0  9963
  88  106    0  9953
  87  107    0  9942
 146  157    0  9930
  92  102    0  9917
  36   57    0  9903
  86  108    0  9888
  22   70    0  9871
 121  133    0  9854
 147  156    0  9835
 118  136    0  9815
 119  135    0  9794
  18   74    0  9772
  17   75    0  9749
 120  134    0  9725
 145  158    0  9700
  84  111    0  9674
 122  132    0  9647
 117  137    0  9618
 123  131    0  9589
  85  109    0  9559
  16   76    0  9528
  83  112    0  9495
  19   73    0  9462
 148  155    0  9428
  30   63    0  9393
 124  130    0  9357
 144  159    0  9320
  93  101    0  9282
  20   72    0  9243
   6  169    0  9203
  21   71    0  9163
   7  168    0  9121
 116  138    0  9079
 149  154    0  9035
   5  170    0  8991
  29   64    0  8947
  37   56    0  8901
  44   97    0  8854
  43   98    0  8807
 125  130    0  8759
  82  113    0  8711
  45   96    0  8661
  40   47    0  8611
 120  135    0  8560
  42   99    0  8509
 121  134    0  8457
 124  131    0  8404
 120  133    0  8350
  43   97    0  8296
  85  111    0  8242
  24   67    0  8186
 143  160    0  8131
 116  139    0  8074
  20   71    0  8017
  46   94    0  7960
   4  171    0  7902
  46   95    0  7844
  38   55    0  7785
  38   54    0  7726
 115  139    0  7666
  24   68    0  7606
  44   98    0  7545
  38   56    0  7484
 116  162    0  7423
  45   95    0  7361
  36   56    0  7300
  28   65    0  7237
 119  134    0  7175
  39   54    0  7112
  40   48    0  7049
  39   55    0  6986
   8  167    0  6922
  26   66    0  6858
  44   96    0  6794
  94  100    0  6730
  42   48    0  6666
  53  128    0  6601
  46   97    0  6537
 141  162    0  6472
  41   48    0  6407
  19   72    0  6343
  41   47    0  6278
  41   99    0  6213
 130  170    0  6148
  28   64    0  6083
   2  172    0  6018
  26   67    0  5953
  13   51    0  5888
 118  162    0  5823
  38  150    0  5758
  45   97    0  5693
   3   71    0  5628
