2 2 167
3 3 167
4 4 167
5 5 167
6 6 167
7 7 167
8 8 167
9 9 167
10 10 167
13 13 74
14 14 74
15 15 74
16 16 74
17 17 74
18 18 74
19 19 74
20 20 74
23 23 70
31 31 56
32 32 56
33 33 56
34 34 56
35 35 56
36 36 56
37 37 56
38 38 56
39 39 56
42 42 54
55 55 31
56 56 31
57 57 31
58 58 31
59 59 31
60 60 31
61 61 31
62 62 31
63 63 31
64 64 31
71 71 22
74 74 13
75 75 13
76 76 13
77 77 13
78 78 13
79 79 13
80 80 13
83 83 102
84 84 102
85 85 102
86 86 102
87 87 102
88 88 102
89 89 102
90 90 102
91 91 102
92 92 102
93 93 102
94 94 102
102 102 83
103 103 83
104 104 83
105 105 83
106 106 83
107 107 83
108 108 83
109 109 83
110 110 83
111 111 83
112 112 83
113 113 83
116 116 131
117 117 131
118 118 131
119 119 131
120 120 131
121 121 131
122 122 131
123 123 131
124 124 131
125 125 131
131 131 117
132 132 117
133 133 117
134 134 117
135 135 117
136 136 117
137 137 117
138 138 117
139 139 117
140 140 117
141 141 117
142 142 117
143 143 117
144 144 117
145 145 117
146 146 117
147 147 117
148 148 117
149 149 117
150 150 117
155 155 143
156 156 143
157 157 143
158 158 143
159 159 143
160 160 143
161 161 143
162 162 143
167 167 2
168 168 2
169 169 2
170 170 2
171 171 2
172 172 2
173 173 2
174 174 2
175 175 2
