  12   30  0 8  0.99983
  11   31  0 8  0.99932
  53   58  0 8  0.99848
  23   53  0 8  0.99729
  10   32  0 8  0.99577
  15   26  0 8  0.99392
  37   48  0 8  0.99173
  16   25  0 8  0.98921
  19   57  0 8  0.98636
   4   33  0 8  0.98319
   8   34  0 8  0.97970
  37   58  0 8  0.97589
   8   41  0 8  0.97176
  19   27  0 8  0.96733
  12   23  0 8  0.96258
  33   48  0 8  0.95754
  12   34  0 8  0.95220
  13   53  0 8  0.94657
   6   34  0 8  0.94065
   2   21  0 8  0.93445
  19   45  0 8  0.92798
  35   52  0 8  0.92124
   6   58  0 8  0.91424
   1   30  0 8  0.90699
  33   54  0 8  0.89949
  24   46  0 8  0.89174
  13   18  0 8  0.88377
  16   54  0 8  0.87557
   6   23  0 8  0.86715
  19   59  0 8  0.85852
  13   23  0 8  0.84969
  24   57  0 8  0.84067
  14   27  0 8  0.83146
  31   43  0 8  0.82207
  34   46  0 8  0.81251
  18   43  0 8  0.80279
   4   58  0 8  0.79292
  13   51  0 8  0.78290
  20   26  0 8  0.77275
  31   53  0 8  0.76247
  37   47  0 8  0.75208
  32   43  0 8  0.74157
   5   28  0 8  0.73096
  15   27  0 8  0.72027
   6   46  0 8  0.70948
  12   44  0 8  0.69862
  30   50  0 8  0.68770
   2   43  0 8  0.67671
  30   42  0 8  0.66568
  51   59  0 8  0.65460
  22   49  0 8  0.64349
  18   34  0 8  0.63235
   9   33  0 8  0.62120
  13   33  0 8  0.61004
   3   45  0 8  0.59887
   3   42  0 8  0.58771
   1   54  0 8  0.57656
  37   56  0 8  0.56543
   2   13  0 8  0.55433
  32   45  0 8  0.54326
  30   55  0 8  0.53223
   3   52  0 8  0.52125
   4   18  0 8  0.51032
  13   28  0 8  0.49946
   2   54  0 8  0.48865
  11   35  0 8  0.47792
  42   51  0 8  0.46727
  17   48  0 8  0.45670
  17   22  0 8  0.44622
  21   53  0 8  0.43583
  31   39  0 8  0.42554
   3   57  0 8  0.41535
  43   51  0 8  0.40526
  18   23  0 8  0.39529
   9   36  0 8  0.38543
   3   17  0 8  0.37569
  39   48  0 8  0.36608
   9   42  0 8  0.35658
