 118  125  0 8  0.99995
 103  137  0 8  0.99981
 104  136  0 8  0.99957
 102  138  0 8  0.99924
 119  124  0 8  0.99881
  91  152  0 8  0.99829
  55   69  0 8  0.99767
  53   70  0 8  0.99696
  56   68  0 8  0.99615
  18   41  0 8  0.99525
  20   39  0 8  0.99425
  92  151  0 8  0.99317
 101  139  0 8  0.99198
  19   40  0 8  0.99071
  14  171  0 8  0.98934
  90  153  0 8  0.98788
 105  135  0 8  0.98633
  12  173  0 8  0.98469
  13  172  0 8  0.98296
  73   82  0 8  0.98113
  57   67  0 8  0.97922
  93  150  0 8  0.97722
  71  157  0 8  0.97512
 111  134  0 8  0.97294
  83  161  0 8  0.97068
 100  140  0 8  0.96832
  21   38  0 8  0.96588
  11  174  0 8  0.96335
  85  159  0 8  0.96074
  47  167  0 8  0.95805
  10  175  0 8  0.95527
  74   81  0 8  0.95241
 112  133  0 8  0.94946
  15  170  0 8  0.94644
  22   37  0 8  0.94334
 115  128  0 8  0.94015
  99  141  0 8  0.93689
  98  142  0 8  0.93355
 117  126  0 8  0.93013
  48  166  0 8  0.92664
   9  176  0 8  0.92307
  23   36  0 8  0.91943
  97  143  0 8  0.91572
  24   35  0 8  0.91193
  25   34  0 8  0.90807
  16  169  0 8  0.90415
  58   66  0 8  0.90015
  96  144  0 8  0.89609
  27   32  0 8  0.89196
  26   33  0 8  0.88777
   8  177  0 8  0.88351
  99  142  0 8  0.87918
  49  165  0 8  0.87480
  97  144  0 8  0.87035
 112  134  0 8  0.86585
 143  149  0 8  0.86128
  75   82  0 8  0.85666
  17  168  0 8  0.85198
  59   65  0 8  0.84725
  25   35  0 8  0.84246
 106  134  0 8  0.83762
  98  143  0 8  0.83273
  43  163  0 8  0.82779
  60   89  0 8  0.82280
  88  154  0 8  0.81776
 143  148  0 8  0.81267
 116  127  0 8  0.80754
  10  174  0 8  0.80237
  18   42  0 8  0.79715
  46  168  0 8  0.79189
  95  149  0 8  0.78659
  73   85  0 8  0.78125
  82  159  0 8  0.77588
  73  159  0 8  0.77046
  59   66  0 8  0.76502
  50  164  0 8  0.75954
  75  167  0 8  0.75402
  79  128  0 8  0.74848
  79  115  0 8  0.74290
  76   82  0 8  0.73730
  62   89  0 8  0.73167
  22   33  0 8  0.72601
  24   36  0 8  0.72033
  95  145  0 8  0.71462
  89  154  0 8  0.70890
  25   30  0 8  0.70315
  96  145  0 8  0.69738
  25   33  0 8  0.69159
  92  150  0 8  0.68579
  47  163  0 8  0.67996
  95  147  0 8  0.67413
  74   80  0 8  0.66828
  60   65  0 8  0.66242
   3   34  0 8  0.65655
  95  148  0 8  0.65066
  42  163  0 8  0.64477
  18   43  0 8  0.63887
  90  154  0 8  0.63297
  45  169  0 8  0.62706
  91  150  0 8  0.62115
 107  121  0 8  0.61523
 107  134  0 8  0.60931
  95  179  0 8  0.60339
  75  161  0 8  0.59747
  98  144  0 8  0.59156
  39  163  0 8  0.58564
 100  178  0 8  0.57973
  20   45  0 8  0.57383
  16   45  0 8  0.56793
  93  151  0 8  0.56204
  44  168  0 8  0.55615
  30  123  0 8  0.55028
   9   34  0 8  0.54441
   7  183  0 8  0.53856
  17  148  0 8  0.53272
  43   75  0 8  0.52689
  25  184  0 8  0.52108
 109  123  0 8  0.51528
  94  149  0 8  0.50950
  85  133  0 8  0.50373
  65  154  0 8  0.49798
  75   85  0 8  0.49225
 172  185  0 8  0.48654
 100  141  0 8  0.48085
 108  134  0 8  0.47519
  78  178  0 8  0.46954
   8  178  0 8  0.46392
  83  151  0 8  0.45832
   5   62  0 8  0.45274
  75  159  0 8  0.44719
  48  168  0 8  0.44167
  26   34  0 8  0.43617
  19   45  0 8  0.43070
  76  161  0 8  0.42526
 133  159  0 8  0.41985
  76   83  0 8  0.41447
  25  109  0 8  0.40911
  11   38  0 8  0.40379
  24   34  0 8  0.39850
   6   24  0 8  0.39324
   5   26  0 8  0.38801
   4   37  0 8  0.38282
  75  133  0 8  0.37766
  75   80  0 8  0.37253
  56   70  0 8  0.36744
  23  176  0 8  0.36239
  46   78  0 8  0.35736
  75   83  0 8  0.35238
  46   80  0 8  0.34743
  18   46  0 8  0.34252
  10  181  0 8  0.33764
 134  140  0 8  0.33281
  11  173  0 8  0.32801
  23  108  0 8  0.32325
   5  183  0 8  0.31853
  47   85  0 8  0.31384
   7  177  0 8  0.30920
 121  186  0 8  0.30460
   4  181  0 8  0.30003
 108  177  0 8  0.29551
  21   37  0 8  0.29103
  70   79  0 8  0.28659
  22  141  0 8  0.28219
 163  179  0 8  0.27783
 146  171  0 8  0.27351
  79   93  0 8  0.26923
 177  187  0 8  0.26499
  26  181  0 8  0.26080
  76  112  0 8  0.25665
  85  112  0 8  0.25254
   7   17  0 8  0.24847
  31   36  0 8  0.24445
  10  187  0 8  0.24046
  47  159  0 8  0.23652
   2  179  0 8  0.23262
   8  183  0 8  0.22877
   8   94  0 8  0.22495
 151  161  0 8  0.22118
  44  169  0 8  0.21746
  42  175  0 8  0.21377
  17   45  0 8  0.21013
  27   33  0 8  0.20653
  58   65  0 8  0.20297
  15  168  0 8  0.19945
  17  106  0 8  0.19598
   2   23  0 8  0.19254
  30   36  0 8  0.18915
  34  174  0 8  0.18581
  94  148  0 8  0.18250
   2  187  0 8  0.17924
 141  185  0 8  0.17601
   4  134  0 8  0.17283
  77  128  0 8  0.16969
   8  105  0 8  0.16659
 112  159  0 8  0.16354
  63   88  0 8  0.16052
   5   29  0 8  0.15754
  77  163  0 8  0.15461
  96  106  0 8  0.15171
 106  174  0 8  0.14886
  30  121  0 8  0.14604
  37  109  0 8  0.14327
  92  144  0 8  0.14053
  99  140  0 8  0.13783
  77  115  0 8  0.13517
 146  184  0 8  0.13255
 110  134  0 8  0.12997
 101  176  0 8  0.12743
  24   32  0 8  0.12492
 177  188  0 8  0.12246
  55  153  0 8  0.12003
 135  186  0 8  0.11763
  85  167  0 8  0.11528
  35  106  0 8  0.11296
   9  172  0 8  0.11067
  11   24  0 8  0.10842
  42  153  0 8  0.10621
 107  119  0 8  0.10403
 111  176  0 8  0.10189
  39   96  0 8  0.09978
  21  108  0 8  0.09771
  27  106  0 8  0.09567
 163  168  0 8  0.09366
  59   64  0 8  0.09169
 101  107  0 8  0.08975
  14   60  0 8  0.08784
  62  184  0 8  0.08597
   4   33  0 8  0.08413
  97  145  0 8  0.08232
 144  149  0 8  0.08054
 159  167  0 8  0.07879
  59  154  0 8  0.07707
  65   75  0 8  0.07538
  61  182  0 8  0.07372
   3   30  0 8  0.07210
  64  120  0 8  0.07050
  99  109  0 8  0.06893
   6   17  0 8  0.06738
  64  188  0 8  0.06587
  42   80  0 8  0.06439
  73   79  0 8  0.06293
   5   20  0 8  0.06150
 149  181  0 8  0.06009
 122  176  0 8  0.05872
   3   10  0 8  0.05736
  26  123  0 8  0.05604
