i	j	i_id	j_id	r_sco	s_sco	prob
118	125	118_C	125_G	2.8177	6.592	1.000
103	137	103_C	137_G	2.8059	6.564	1.000
104	136	104_C	136_G	2.7435	6.418	1.000
102	138	102_C	138_G	2.7216	6.367	1.000
119	124	119_C	124_G	2.6443	6.186	1.000
91	152	91_G	152_C	2.6424	6.181	1.000
55	69	55_C	69_G	2.6285	6.149	1.000
53	70	53_G	70_C	2.6209	6.131	1.000
56	68	56_G	68_C	2.5997	6.082	1.000
18	41	18_C	41_G	2.5324	5.924	1.000
20	39	20_C	39_G	2.2924	5.363	1.000
92	151	92_G	151_C	2.2219	5.198	1.000
101	139	101_G	139_T	2.2125	5.176	1.000
19	40	19_G	40_C	2.1668	5.069	1.000
14	171	14_T	171_A	2.0821	4.871	1.000
90	153	90_G	153_C	2.0698	4.842	1.000
105	135	105_T	135_A	2.0407	4.774	1.000
12	173	12_T	173_A	2.0070	4.695	1.000
13	172	13_A	172_T	1.9814	4.635	1.000
73	82	73_A	82_T	1.9646	4.596	1.000
57	67	57_G	67_C	1.9267	4.507	1.000
93	150	93_A	150_T	1.8513	4.331	1.000
71	157	71_G	157_C	1.7718	4.145	1.000
111	134	111_G	134_C	1.7411	4.073	1.000
83	161	83_A	161_G	1.7134	4.008	1.000
100	140	100_A	140_G	1.7003	3.978	1.000
21	38	21_T	38_A	1.6319	3.818	1.000
11	174	11_T	174_A	1.5408	3.605	1.000
85	159	85_T	159_A	1.4369	3.361	1.000
47	167	47_A	167_T	1.3723	3.210	1.000
10	175	10_C	175_G	1.3143	3.075	1.000
74	81	74_G	81_C	1.2391	2.899	1.000
112	133	112_C	133_G	1.2299	2.877	1.000
15	170	15_G	170_C	1.2216	2.858	1.000
22	37	22_A	37_T	1.1711	2.740	1.000
42	46	42_T	46_A	1.1561	2.705	1.000
115	128	115_C	128_G	1.1318	2.648	1.000
99	141	99_A	141_G	1.0537	2.465	1.000
98	142	98_G	142_A	0.9590	2.243	1.000
117	126	117_G	126_T	0.9224	2.158	1.000
48	166	48_G	166_C	0.9012	2.108	1.000
9	176	9_C	176_G	0.8852	2.071	1.000
23	36	23_C	36_G	0.8612	2.015	1.000
97	143	97_C	143_G	0.8281	1.937	1.000
24	35	24_C	35_G	0.7282	1.704	0.998
25	34	25_A	34_C	0.7075	1.655	0.998
16	169	16_G	169_C	0.6663	1.559	0.995
58	66	58_G	66_C	0.5604	1.311	0.979
96	144	96_A	144_G	0.5564	1.302	0.978
27	32	27_T	32_T	0.4795	1.122	0.934
26	33	26_T	33_C	0.4712	1.102	0.926
8	177	8_G	177_T	0.4484	1.049	0.900
99	142	99_A	142_A	0.4050	0.947	0.826
59	63	59_T	63_A	0.3966	0.928	0.808
49	165	49_G	165_C	0.3912	0.915	0.795
120	123	120_G	123_A	0.3710	0.868	0.743
97	144	97_C	144_G	0.3229	0.755	0.588
112	134	112_C	134_C	0.3090	0.723	0.538
143	149	143_G	149_G	0.2940	0.688	0.484
75	82	75_C	82_T	0.2874	0.672	0.459
17	168	17_T	168_G	0.2861	0.669	0.454
59	65	59_T	65_T	0.2681	0.627	0.390
25	35	25_A	35_G	0.2661	0.622	0.382
106	134	106_A	134_C	0.2592	0.606	0.359
98	143	98_G	143_G	0.2543	0.595	0.343
43	163	43_T	163_G	0.2532	0.592	0.339
60	89	60_G	89_A	0.2517	0.589	0.335
75	78	75_C	78_C	0.2500	0.585	0.329
88	154	88_G	154_G	0.2499	0.585	0.329
143	148	143_G	148_A	0.2462	0.576	0.317
116	127	116_T	127_G	0.2448	0.573	0.313
10	174	10_C	174_A	0.2410	0.564	0.301
18	42	18_C	42_T	0.2388	0.559	0.294
163	167	163_G	167_T	0.2344	0.548	0.280
46	168	46_A	168_G	0.2315	0.542	0.273
95	149	95_G	149_G	0.2286	0.535	0.264
82	85	82_T	85_T	0.2270	0.531	0.259
73	85	73_A	85_T	0.2259	0.528	0.256
82	159	82_T	159_A	0.2231	0.522	0.249
73	159	73_A	159_A	0.2219	0.519	0.245
59	66	59_T	66_C	0.2219	0.519	0.245
50	164	50_G	164_A	0.2217	0.519	0.245
75	167	75_C	167_T	0.2175	0.509	0.234
79	128	79_C	128_G	0.2163	0.506	0.230
79	115	79_C	115_C	0.2127	0.497	0.221
76	82	76_C	82_T	0.2098	0.491	0.214
73	76	73_A	76_C	0.2094	0.490	0.213
62	89	62_G	89_A	0.2062	0.482	0.205
146	149	146_T	149_G	0.2024	0.474	0.197
22	33	22_A	33_C	0.1974	0.462	0.185
144	147	144_G	147_G	0.1968	0.460	0.183
24	36	24_C	36_G	0.1953	0.457	0.181
144	148	144_G	148_A	0.1941	0.454	0.178
95	145	95_G	145_A	0.1937	0.453	0.177
89	154	89_A	154_G	0.1932	0.452	0.176
25	30	25_A	30_A	0.1923	0.450	0.174
96	145	96_A	145_A	0.1913	0.448	0.172
25	33	25_A	33_C	0.1894	0.443	0.168
92	150	92_G	150_T	0.1894	0.443	0.168
26	29	26_T	29_C	0.1893	0.443	0.168
47	163	47_A	163_G	0.1890	0.442	0.167
95	147	95_G	147_G	0.1886	0.441	0.166
74	80	74_G	80_G	0.1842	0.431	0.158
60	65	60_G	65_T	0.1786	0.418	0.147
3	34	3_T	34_C	0.1750	0.409	0.140
95	148	95_G	148_A	0.1744	0.408	0.139
42	163	42_T	163_G	0.1739	0.407	0.139
18	43	18_C	43_T	0.1731	0.405	0.137
90	154	90_G	154_G	0.1712	0.401	0.134
45	169	45_A	169_C	0.1703	0.398	0.132
91	150	91_G	150_T	0.1692	0.396	0.131
107	121	107_G	121_A	0.1688	0.395	0.130
107	134	107_G	134_C	0.1671	0.391	0.127
3	7	3_T	7_A	0.1654	0.387	0.124
95	179	95_G	179_T	0.1640	0.384	0.122
75	161	75_C	161_G	0.1626	0.380	0.120
98	144	98_G	144_G	0.1626	0.380	0.120
39	163	39_G	163_G	0.1623	0.380	0.120
100	178	100_A	178_T	0.1612	0.377	0.118
60	64	60_G	64_A	0.1612	0.377	0.118
20	45	20_C	45_A	0.1598	0.374	0.116
16	45	16_G	45_A	0.1596	0.373	0.115
93	151	93_A	151_C	0.1595	0.373	0.115
44	168	44_A	168_G	0.1595	0.373	0.115
30	123	30_A	123_A	0.1594	0.373	0.115
59	62	59_T	62_G	0.1590	0.372	0.115
9	34	9_C	34_C	0.1587	0.371	0.114
7	183	7_A	183_A	0.1578	0.369	0.113
17	148	17_T	148_A	0.1558	0.365	0.110
43	75	43_T	75_C	0.1556	0.364	0.110
25	184	25_A	184_A	0.1550	0.363	0.109
109	123	109_A	123_A	0.1545	0.361	0.108
94	149	94_G	149_G	0.1543	0.361	0.108
85	133	85_T	133_G	0.1534	0.359	0.107
65	154	65_T	154_G	0.1531	0.358	0.106
75	85	75_C	85_T	0.1525	0.357	0.105
172	185	172_T	185_G	0.1515	0.354	0.104
100	141	100_A	141_G	0.1513	0.354	0.104
143	146	143_G	146_T	0.1513	0.354	0.104
108	134	108_T	134_C	0.1509	0.353	0.103
78	178	78_C	178_T	0.1497	0.350	0.101
8	178	8_G	178_T	0.1489	0.348	0.100
77	80	77_C	80_G	0.1486	0.348	0.100
11	14	11_T	14_T	0.1483	0.347	0.100
83	151	83_A	151_C	0.1480	0.346	0.099
5	62	5_A	62_G	0.1472	0.344	0.098
75	159	75_C	159_A	0.1471	0.344	0.098
48	168	48_G	168_G	0.1470	0.344	0.098
26	34	26_T	34_C	0.1467	0.343	0.097
19	45	19_G	45_A	0.1466	0.343	0.097
76	161	76_C	161_G	0.1463	0.342	0.097
133	159	133_G	159_A	0.1462	0.342	0.097
76	83	76_C	83_A	0.1462	0.342	0.097
25	109	25_A	109_A	0.1448	0.339	0.095
11	38	11_T	38_A	0.1448	0.339	0.095
24	34	24_C	34_C	0.1445	0.338	0.095
6	24	6_A	24_C	0.1440	0.337	0.094
5	26	5_A	26_T	0.1436	0.336	0.094
4	37	4_T	37_T	0.1428	0.334	0.093
75	133	75_C	133_G	0.1428	0.334	0.093
75	80	75_C	80_G	0.1422	0.333	0.092
56	70	56_G	70_C	0.1411	0.330	0.090
23	176	23_C	176_G	0.1401	0.328	0.089
46	78	46_A	78_C	0.1401	0.328	0.089
75	83	75_C	83_A	0.1399	0.327	0.089
46	80	46_A	80_G	0.1399	0.327	0.089
18	46	18_C	46_A	0.1397	0.327	0.089
94	97	94_G	97_C	0.1387	0.325	0.088
10	181	10_C	181_A	0.1382	0.323	0.087
134	140	134_C	140_G	0.1380	0.323	0.087
11	173	11_T	173_A	0.1377	0.322	0.086
3	6	3_T	6_A	0.1373	0.321	0.086
23	108	23_C	108_T	0.1370	0.320	0.085
32	35	32_T	35_G	0.1364	0.319	0.085
5	183	5_A	183_A	0.1355	0.317	0.084
1	4	1_G	4_T	0.1355	0.317	0.084
47	85	47_A	85_T	0.1350	0.316	0.083
7	177	7_A	177_T	0.1349	0.316	0.083
121	186	121_A	186_T	0.1343	0.314	0.083
4	181	4_T	181_A	0.1342	0.314	0.083
108	177	108_T	177_T	0.1342	0.314	0.083
21	37	21_T	37_T	0.1341	0.314	0.083
70	79	70_C	79_C	0.1339	0.313	0.082
1	5	1_G	5_A	0.1331	0.311	0.081
74	78	74_G	78_C	0.1328	0.311	0.081
94	98	94_G	98_G	0.1328	0.311	0.081
22	141	22_A	141_G	0.1317	0.308	0.080
163	179	163_G	179_T	0.1311	0.307	0.079
146	171	146_T	171_A	0.1305	0.305	0.078
5	8	5_A	8_G	0.1304	0.305	0.078
79	93	79_C	93_A	0.1301	0.304	0.078
177	187	177_T	187_T	0.1299	0.304	0.078
26	181	26_T	181_A	0.1297	0.304	0.078
76	112	76_C	112_C	0.1297	0.303	0.077
85	112	85_T	112_C	0.1290	0.302	0.077
7	17	7_A	17_T	0.1286	0.301	0.077
31	36	31_C	36_G	0.1279	0.299	0.076
95	98	95_G	98_G	0.1276	0.298	0.075
10	187	10_C	187_T	0.1274	0.298	0.075
47	159	47_A	159_A	0.1269	0.297	0.075
43	46	43_T	46_A	0.1268	0.297	0.075
2	179	2_G	179_T	0.1266	0.296	0.074
8	183	8_G	183_A	0.1265	0.296	0.074
29	33	29_C	33_C	0.1264	0.296	0.074
8	94	8_G	94_G	0.1257	0.294	0.074
175	178	175_G	178_T	0.1253	0.293	0.073
151	161	151_C	161_G	0.1249	0.292	0.073
44	169	44_A	169_C	0.1248	0.292	0.073
42	175	42_T	175_G	0.1245	0.291	0.072
17	45	17_T	45_A	0.1245	0.291	0.072
179	182	179_T	182_G	0.1241	0.290	0.072
27	33	27_T	33_C	0.1239	0.290	0.072
58	65	58_G	65_T	0.1237	0.289	0.071
15	168	15_G	168_G	0.1236	0.289	0.071
17	106	17_T	106_A	0.1235	0.289	0.071
2	23	2_G	23_C	0.1231	0.288	0.071
30	36	30_A	36_G	0.1230	0.288	0.071
34	174	34_C	174_A	0.1230	0.288	0.071
94	148	94_G	148_A	0.1229	0.287	0.071
2	187	2_G	187_T	0.1228	0.287	0.071
141	185	141_G	185_G	0.1227	0.287	0.071
40	44	40_C	44_A	0.1226	0.287	0.071
4	134	4_T	134_C	0.1224	0.286	0.070
77	128	77_C	128_G	0.1221	0.286	0.070
8	105	8_G	105_T	0.1217	0.285	0.070
112	159	112_C	159_A	0.1216	0.285	0.070
63	88	63_A	88_G	0.1213	0.284	0.069
5	29	5_A	29_C	0.1212	0.283	0.069
77	163	77_C	163_G	0.1209	0.283	0.069
96	106	96_A	106_A	0.1206	0.282	0.069
106	174	106_A	174_A	0.1205	0.282	0.069
30	121	30_A	121_A	0.1204	0.282	0.069
37	109	37_T	109_A	0.1203	0.281	0.068
92	144	92_G	144_G	0.1202	0.281	0.068
99	140	99_A	140_G	0.1200	0.281	0.068
77	115	77_C	115_C	0.1199	0.280	0.068
146	184	146_T	184_A	0.1194	0.279	0.067
110	134	110_A	134_C	0.1192	0.279	0.067
101	176	101_G	176_G	0.1192	0.279	0.067
24	32	24_C	32_T	0.1191	0.279	0.067
177	188	177_T	188_C	0.1191	0.279	0.067
55	153	55_C	153_C	0.1182	0.276	0.066
135	186	135_A	186_T	0.1179	0.276	0.066
85	167	85_T	167_T	0.1177	0.275	0.066
35	106	35_G	106_A	0.1176	0.275	0.066
9	172	9_C	172_T	0.1175	0.275	0.066
11	24	11_T	24_C	0.1174	0.275	0.066
42	153	42_T	153_C	0.1172	0.274	0.065
107	119	107_G	119_C	0.1169	0.273	0.065
111	176	111_G	176_G	0.1167	0.273	0.065
39	96	39_G	96_A	0.1167	0.273	0.065
21	108	21_T	108_T	0.1165	0.273	0.065
27	106	27_T	106_A	0.1165	0.272	0.065
78	81	78_C	81_C	0.1163	0.272	0.065
163	168	163_G	168_G	0.1162	0.272	0.065
59	64	59_T	64_A	0.1162	0.272	0.065
101	107	101_G	107_G	0.1159	0.271	0.064
14	60	14_T	60_G	0.1152	0.270	0.064
62	184	62_G	184_A	0.1150	0.269	0.064
61	64	61_A	64_A	0.1150	0.269	0.064
4	33	4_T	33_C	0.1148	0.269	0.064
97	145	97_C	145_A	0.1139	0.266	0.062
144	149	144_G	149_G	0.1138	0.266	0.062
159	167	159_A	167_T	0.1136	0.266	0.062
174	177	174_A	177_T	0.1135	0.266	0.062
59	154	59_T	154_G	0.1133	0.265	0.062
65	75	65_T	75_C	0.1129	0.264	0.062
61	182	61_A	182_G	0.1129	0.264	0.062
3	30	3_T	30_A	0.1126	0.264	0.062
64	120	64_A	120_G	0.1125	0.263	0.061
99	109	99_A	109_A	0.1124	0.263	0.061
6	17	6_A	17_T	0.1121	0.262	0.061
64	188	64_A	188_C	0.1120	0.262	0.061
79	82	79_C	82_T	0.1117	0.261	0.061
42	80	42_T	80_G	0.1116	0.261	0.061
73	79	73_A	79_C	0.1113	0.260	0.060
5	20	5_A	20_C	0.1110	0.260	0.060
149	181	149_G	181_A	0.1105	0.259	0.060
122	176	122_A	176_G	0.1105	0.258	0.060
3	10	3_T	10_C	0.1103	0.258	0.060
26	123	26_T	123_A	0.1102	0.258	0.060
