  16   39  0 8  0.99989 624
  70   81  0 8  0.99957 5670
  64   85  0 8  0.99904 5440
  15   40  0 8  0.99830 600
  28   65  0 8  0.99734 1820
   5   89  0 8  0.99618 445
   3   91  0 8  0.99480 273
   2   92  0 8  0.99321 184
  48   55  0 8  0.99142 2640
  18   37  0 8  0.98942 666
   4   90  0 8  0.98721 360
  17   38  0 8  0.98480 646
  26   67  0 8  0.98218 1742
  69   82  0 8  0.97936 5658
  25   68  0 8  0.97635 1700
  43   60  0 8  0.97313 2580
  42   60  0 8  0.96972 2520
  13   41  0 8  0.96612 533
   1   93  0 8  0.96232 93
  13   42  0 8  0.95834 546
8 86  0 2  0.1 688
7 87  0 2  0.1 609
73 78  0 2  0.1 5694
72 79  0 2  0.1 5688
71 80  0 2  0.1 5680
70 21  0 8  0.1 1470
69 82  0 2  0.1 5658
6 88  0 2  0.1 528
5 89  0 2  0.1 445
49 54  0 2  0.1 2646
4 90  0 2  0.1 360
48 55  0 2  0.1 2640
47 56  0 2  0.1 2632
45 57  0 2  0.1 2565
44 58  0 2  0.1 2552
43 59  0 2  0.1 2537
42 60  0 2  0.1 2520
3 91  0 2  0.1 273
2 92  0 2  0.1 184
23 29  0 2  0.1 667
