  16   39  0 8  0.99989
  70   81  0 8  0.99957
  64   85  0 8  0.99904
  15   40  0 8  0.99830
  28   65  0 8  0.99734
   5   89  0 8  0.99618
   3   91  0 8  0.99480
   2   92  0 8  0.99321
  48   55  0 8  0.99142
  18   37  0 8  0.98942
   4   90  0 8  0.98721
  17   38  0 8  0.98480
  26   67  0 8  0.98218
  69   82  0 8  0.97936
  25   68  0 8  0.97635
  43   60  0 8  0.97313
  42   60  0 8  0.96972
  13   41  0 8  0.96612
   1   93  0 8  0.96232
  13   42  0 8  0.95834
  27   66  0 8  0.95417
  23   30  0 8  0.94981
  14   41  0 8  0.94528
  13   70  0 8  0.94056
  22   30  0 8  0.93567
   8   86  0 8  0.93061
   9   63  0 8  0.92538
  16   38  0 8  0.91998
  15   39  0 8  0.91442
  27   69  0 8  0.90870
   9   67  0 8  0.90282
  19   24  0 8  0.89679
  49   55  0 8  0.89061
  24   42  0 8  0.88428
  25   67  0 8  0.87782
  15   43  0 8  0.87121
  26   92  0 8  0.86447
  33   70  0 8  0.85760
  19   35  0 8  0.85060
  32   81  0 8  0.84349
  29   61  0 8  0.83625
  33   74  0 8  0.82890
   3   90  0 8  0.82144
   2   93  0 8  0.81387
  34   76  0 8  0.80620
  22   41  0 8  0.79843
  13   81  0 8  0.79057
  23   29  0 8  0.78262
  10   60  0 8  0.77459
  46   55  0 8  0.76647
  16   37  0 8  0.75828
   2   33  0 8  0.75002
  23   85  0 8  0.74169
   8   51  0 8  0.73329
  18   63  0 8  0.72484
   8   63  0 8  0.71633
  30   85  0 8  0.70777
   8   60  0 8  0.69916
   2   27  0 8  0.69051
  17   24  0 8  0.68183
   1   68  0 8  0.67311
  39   82  0 8  0.66436
  17   53  0 8  0.65558
  71   85  0 8  0.64678
  83   88  0 8  0.63797
  24   41  0 8  0.62914
  29   62  0 8  0.62030
  52   78  0 8  0.61145
  68   91  0 8  0.60261
  69   83  0 8  0.59376
   6   12  0 8  0.58492
  21   26  0 8  0.57609
  21   42  0 8  0.56727
  70   89  0 8  0.55847
  37   64  0 8  0.54969
   9   34  0 8  0.54093
   6   11  0 8  0.53220
  41   70  0 8  0.52349
   8   30  0 8  0.51482
   7   12  0 8  0.50619
   3   38  0 8  0.49759
  41   83  0 8  0.48904
   3   62  0 8  0.48053
  57   62  0 8  0.47207
  25   71  0 8  0.46365
   5   14  0 8  0.45530
  22   43  0 8  0.44699
   9   84  0 8  0.43875
  71   81  0 8  0.43056
   8   52  0 8  0.42244
  19   56  0 8  0.41439
  30   38  0 8  0.40640
  26   68  0 8  0.39848
   4   37  0 8  0.39063
  60   67  0 8  0.38285
  24   40  0 8  0.37515
   1   10  0 8  0.36753
  69   81  0 8  0.35998
  49   89  0 8  0.35252
  16   22  0 8  0.34513
  44   49  0 8  0.33783
  25   60  0 8  0.33061
  31   36  0 8  0.32348
  17   43  0 8  0.31643
  68   92  0 8  0.30948
  78   84  0 8  0.30261
  59   83  0 8  0.29583
  68   84  0 8  0.28914
  23   58  0 8  0.28254
