85 93  0 8  0.1
84 94  0 8  0.1
83 95  0 8  0.1
82 96  0 8  0.1
81 97  0 8  0.1
8 153  0 8  0.1
80 98  0 8  0.1
79 99  0 8  0.1
78 100  0 8  0.1
77 101  0 8  0.1
76 102  0 8  0.1
7 154  0 8  0.1
6 155  0 8  0.1
54 59  0 8  0.1
53 60  0 8  0.1
52 61  0 8  0.1
51 62  0 8  0.1
5 156  0 8  0.1
46 67  0 8  0.1
45 68  0 8  0.1
44 69  0 8  0.1
43 70  0 8  0.1
42 71  0 8  0.1
4 157  0 8  0.1
40 106  0 8  0.1
39 107  0 8  0.1
38 108  0 8  0.1
37 109  0 8  0.1
36 110  0 8  0.1
3 158  0 8  0.1
29 128  0 8  0.1
28 129  0 8  0.1
27 130  0 8  0.1
26 131  0 8  0.1
25 132  0 8  0.1
24 133  0 8  0.1
23 134  0 8  0.1
22 135  0 8  0.1
2 159  0 8  0.1
21 137  0 8  0.1
20 142  0 8  0.1
19 143  0 8  0.1
18 144  0 8  0.1
17 145  0 8  0.1
15 147  0 8  0.1
14 148  0 8  0.1
13 149  0 8  0.1
1 160  0 8  0.1
115 120  0 8  0.1
114 121  0 8  0.1
113 122  0 8  0.1
112 123  0 8  0.1
