81 90    0  10000
79 91    0  10000
78 92    0  10000
77 94    0  10000
76 95    0  10000
74 97    0  10000
73 98    0  10000
71 99    0  10000
70 100    0  10000
69 101    0  10000
65 105    0  10000
64 106    0  10000
63 107    0  10000
62 108    0  10000
6 121    0  10000
5 122    0  10000
4 123    0  10000
34 39    0  10000
33 40    0  10000
32 41    0  10000
31 42    0  10000
3 124    0  10000
30 43    0  10000
29 44    0  10000
26 47    0  10000
25 48    0  10000
24 49    0  10000
23 50    0  10000
22 51    0  10000
2 125    0  10000
20 53    0  10000
19 54    0  10000
18 55    0  10000
17 56    0  10000
16 110    0  10000
15 111    0  10000
14 112    0  10000
13 113    0  10000
12 114    0  10000
1 126    0  10000
11 115    0  10000
10 116    0  10000
