3 3 124
4 4 124
5 5 124
6 6 124
7 7 124
10 10 119
14 14 113
15 15 113
16 16 113
17 17 113
21 21 55
25 25 49
26 26 49
27 27 49
28 28 49
31 31 41
32 32 41
33 33 41
34 34 41
35 35 41
36 36 41
41 41 31
42 42 31
43 43 31
44 44 31
45 45 31
46 46 31
49 49 25
50 50 25
51 51 25
52 52 25
56 56 19
57 57 19
58 58 19
65 65 106
66 66 106
67 67 106
68 68 106
69 69 106
70 70 106
71 71 106
77 77 99
78 78 99
79 79 99
80 80 99
85 85 92
86 86 92
87 87 92
92 92 85
93 93 85
94 94 85
99 99 77
100 100 77
101 101 77
102 102 77
106 106 67
107 107 67
108 108 67
109 109 67
110 110 67
113 113 14
114 114 14
115 115 14
116 116 14
120 120 9
124 124 3
125 125 3
126 126 3
127 127 3
128 128 3
