6 162   0  10000
11 30   0  10000
37 160   0  10000
38 159   0  10000
43 59   0  10000
44 58   0  10000
45 57   0  10000
46 56   0  10000
47 55   0  10000
60 150   0  10000
61 149   0  10000
62 70   0  10000
63 69   0  10000
78 146   0  10000
79 145   0  10000
80 144   0  10000
84 137   0  10000
85 136   0  10000
86 135   0  10000
88 133   0  10000
90 131   0  10000
92 129   0  10000
101 126   0  10000
102 125   0  10000
103 124   0  10000
105 120   0  10000
106 119   0  10000
107 118   0  10000
108 117   0  10000
109 116   0  10000
