  52   61    0  9999
  28  129    0  9997
  79   99    0  9994
  83   95    0  9990
  25  132    0  9984
  39  107    0  9977
 114  121    0  9969
  24  133    0  9960
  26  131    0  9949
  78  100    0  9938
 113  122    0  9925
  80   98    0  9911
  27  130    0  9895
  51   62    0  9879
  38  108    0  9861
  23  134    0  9842
   4  157    0  9822
  82   96    0  9800
  37  109    0  9778
  40  106    0  9754
 112  123    0  9729
   6  155    0  9703
  29  128    0  9676
 115  120    0  9648
  46   67    0  9619
   3  158    0  9588
   5  156    0  9557
  19   74    0  9524
  36  110    0  9491
  87  152    0  9456
  81   97    0  9420
  21   74    0  9383
  50   63    0  9346
  18  138    0  9307
   7  154    0  9267
  23  135    0  9226
  54   59    0  9184
  43   70    0  9142
  13  144    0  9098
  45   68    0  9054
  34  125    0  9008
   2  159    0  8962
  21  136    0  8915
  41  104    0  8867
  44   69    0  8818
