9 176  0 8  0.1
81 86  0 8  0.1
8 177  0 8  0.1
80 87  0 8  0.1
79 88  0 8  0.1
77 90  0 8  0.1
76 91  0 8  0.1
75 92  0 8  0.1
72 95  0 8  0.1
71 97  0 8  0.1
7 178  0 8  0.1
70 98  0 8  0.1
6 179  0 8  0.1
58 66  0 8  0.1
57 67  0 8  0.1
56 68  0 8  0.1
55 69  0 8  0.1
5 180  0 8  0.1
50 102  0 8  0.1
49 103  0 8  0.1
48 104  0 8  0.1
47 105  0 8  0.1
4 181  0 8  0.1
3 182  0 8  0.1
24 35  0 8  0.1
23 36  0 8  0.1
22 37  0 8  0.1
21 38  0 8  0.1
20 39  0 8  0.1
194 200  0 8  0.1
19 40  0 8  0.1
193 201  0 8  0.1
192 202  0 8  0.1
191 203  0 8  0.1
190 204  0 8  0.1
189 205  0 8  0.1
188 206  0 8  0.1
187 207  0 8  0.1
186 208  0 8  0.1
185 209  0 8  0.1
18 41  0 8  0.1
17 168  0 8  0.1
16 169  0 8  0.1
161 165  0 8  0.1
160 166  0 8  0.1
159 167  0 8  0.1
15 170  0 8  0.1
145 150  0 8  0.1
144 151  0 8  0.1
143 152  0 8  0.1
14 171  0 8  0.1
141 153  0 8  0.1
139 155  0 8  0.1
137 157  0 8  0.1
136 158  0 8  0.1
13 172  0 8  0.1
12 173  0 8  0.1
119 124  0 8  0.1
118 125  0 8  0.1
117 126  0 8  0.1
116 127  0 8  0.1
115 128  0 8  0.1
113 132  0 8  0.1
112 133  0 8  0.1
11 174  0 8  0.1
111 134  0 8  0.1
10 175  0 8  0.1
