  33   41  0 8  0.99989
  50   59  0 8  0.99956
  49   60  0 8  0.99901
  48   61  0 8  0.99824
  15   24  0 8  0.99726
  16   23  0 8  0.99605
   6   81  0 8  0.99463
  30   44  0 8  0.99299
   7   80  0 8  0.99114
  14   25  0 8  0.98907
  31   43  0 8  0.98679
  51   58  0 8  0.98430
   3   84  0 8  0.98160
  13   26  0 8  0.97869
  64   76  0 8  0.97558
  65   75  0 8  0.97226
  52   57  0 8  0.96874
  12   27  0 8  0.96502
   5   82  0 8  0.96111
  29   45  0 8  0.95700
  18   72  0 8  0.95269
  63   77  0 8  0.94820
   4   83  0 8  0.94353
  17   22  0 8  0.93866
   8   79  0 8  0.93362
   2   85  0 8  0.92841
  28   47  0 8  0.92301
   1   86  0 8  0.91745
  28   46  0 8  0.91172
   9   78  0 8  0.90583
  10   78  0 8  0.89978
  32   42  0 8  0.89357
  29   46  0 8  0.88721
  29   44  0 8  0.88070
  14   24  0 8  0.87405
   1    6  0 8  0.86726
  28   37  0 8  0.86033
  65   76  0 8  0.85327
  30   45  0 8  0.84608
  51   57  0 8  0.83877
   9   23  0 8  0.83133
   8   78  0 8  0.82378
  47   55  0 8  0.81613
  25   50  0 8  0.80836
  29   52  0 8  0.80049
   1   81  0 8  0.79253
   4   85  0 8  0.78447
  81   86  0 8  0.77632
  52   70  0 8  0.76809
   2   63  0 8  0.75978
  12   79  0 8  0.75139
  10   28  0 8  0.74294
  63   85  0 8  0.73441
   1   49  0 8  0.72583
  57   72  0 8  0.71719
  11   72  0 8  0.70849
  36   48  0 8  0.69975
  54   62  0 8  0.69096
  15   25  0 8  0.68214
  28   62  0 8  0.67327
  10   23  0 8  0.66438
   8   62  0 8  0.65546
   6   86  0 8  0.64652
  40   58  0 8  0.63756
  46   72  0 8  0.62858
  64   86  0 8  0.61960
  32   70  0 8  0.61061
  60   79  0 8  0.60162
   8   29  0 8  0.59263
  14   26  0 8  0.58365
  42   72  0 8  0.57467
  14   34  0 8  0.56571
  10   53  0 8  0.55677
  17   62  0 8  0.54785
  45   79  0 8  0.53895
  39   62  0 8  0.53008
  27   85  0 8  0.52124
  53   85  0 8  0.51244
   8   56  0 8  0.50367
   8   63  0 8  0.49495
  15   60  0 8  0.48627
  44   82  0 8  0.47764
  64   77  0 8  0.46906
  27   48  0 8  0.46053
  15   23  0 8  0.45205
  52   58  0 8  0.44364
   8   24  0 8  0.43528
   8   53  0 8  0.42699
   3   11  0 8  0.41877
  76   83  0 8  0.41061
  27   56  0 8  0.40252
  11   28  0 8  0.39451
  11   21  0 8  0.38657
  30   54  0 8  0.37871
  36   83  0 8  0.37092
  45   63  0 8  0.36322
   9   61  0 8  0.35560
  40   51  0 8  0.34806
  13   25  0 8  0.34060
  11   70  0 8  0.33324
  18   27  0 8  0.32596
  49   54  0 8  0.31877
  49   56  0 8  0.31167
  36   61  0 8  0.30466
  22   83  0 8  0.29774
  53   58  0 8  0.29091
   8   49  0 8  0.28418
   2   77  0 8  0.27755
   3   85  0 8  0.27101
  10   56  0 8  0.26456
  52   78  0 8  0.25822
  46   56  0 8  0.25197
  36   46  0 8  0.24581
  18   35  0 8  0.23976
  44   54  0 8  0.23380
   1   83  0 8  0.22794
   3    8  0 8  0.22218
  11   17  0 8  0.21651
  15   55  0 8  0.21095
