 186  200    0  9999
 226  247    0  9998
 187  199    0  9996
 188  198    0  9993
 189  197    0  9989
 134  149    0  9985
   5  178    0  9980
 133  150    0  9974
 166  216    0  9967
 135  148    0  9959
   4  179    0  9951
 190  196    0  9941
 136  147    0  9931
   8  174    0  9921
   1  182    0  9909
  15  116    0  9896
 122  160    0  9883
 185  201    0  9869
 127  155    0  9854
  22  109    0  9839
 172  211    0  9823
 169  212    0  9806
  26  105    0  9788
 184  202    0  9769
 167  216    0  9750
 125  157    0  9730
 137  146    0  9709
  27  106    0  9687
  23  108    0  9665
  16  114    0  9642
  27  104    0  9618
  24  107    0  9593
 125  156    0  9568
 130  151    0  9542
  89   94    0  9516
  26  106    0  9488
   2  181    0  9460
 128  154    0  9432
  51   56    0  9402
 173  208    0  9372
 125  130    0  9342
  33  100    0  9310
  85   91    0  9278
 121  161    0  9246
  48   59    0  9212
 132  150    0  9179
 131  151    0  9144
  88   94    0  9109
  28  228    0  9073
  49   56    0  9037
  28  103    0  9000
  76   90    0  8963
  50   55    0  8925
  74   93    0  8886
 122  158    0  8847
  26  103    0  8807
  97  103    0  8767
 157  166    0  8726
  33   99    0  8685
  72   90    0  8643
  76   86    0  8601
  95  103    0  8558
  66   75    0  8515
  49  138    0  8471
  34   39    0  8427
  29   40    0  8383
   6  177    0  8338
  87   93    0  8292
  29  102    0  8246
  68   79    0  8200
  10  161    0  8153
 160  166    0  8106
  29   37    0  8059
  43   65    0  8011
   8  173    0  7963
  33  102    0  7914
   5  160    0  7866
  48   53    0  7816
  70   88    0  7767
  45   64    0  7717
  50   59    0  7667
 160  178    0  7616
  67   84    0  7566
   8  122    0  7515
  39   54    0  7463
  85   90    0  7412
  86   92    0  7360
 132  151    0  7308
  71   86    0  7256
  18  166    0  7204
  91  104    0  7151
  38   65    0  7098
  10  121    0  7045
  71   89    0  6992
  84   96    0  6939
  20  247    0  6885
 138  145    0  6832
  28  105    0  6778
  38   54    0  6724
 159  166    0  6670
