3 3 179
4 4 179
5 5 179
6 6 179
9 9 175
13 13 114
14 14 114
15 15 114
16 16 114
17 17 114
18 18 114
22 22 106
23 23 106
24 24 106
25 25 106
26 26 106
27 27 106
33 33 85
34 34 85
35 35 85
36 36 85
37 37 85
38 38 85
39 39 85
40 40 85
41 41 85
42 42 85
43 43 85
44 44 85
48 48 60
49 49 60
50 50 60
51 51 60
52 52 60
53 53 60
54 54 60
55 55 60
60 60 48
61 61 48
62 62 48
63 63 48
64 64 48
65 65 48
66 66 48
67 67 48
71 71 79
72 72 79
80 80 70
81 81 70
86 86 42
87 87 42
88 88 42
95 95 33
96 96 33
97 97 33
98 98 33
99 99 33
100 100 33
101 101 33
106 106 22
107 107 22
108 108 22
109 109 22
110 110 22
111 111 22
114 114 13
115 115 13
116 116 13
117 117 13
118 118 13
119 119 13
120 120 13
126 126 155
127 127 155
128 128 155
129 129 155
132 132 147
133 133 147
134 134 147
135 135 147
136 136 147
137 137 147
138 138 147
147 147 126
148 148 126
149 149 126
150 150 126
151 151 126
152 152 126
153 153 126
154 154 126
155 155 126
156 156 126
157 157 126
158 158 126
176 176 8
179 179 3
180 180 3
181 181 3
182 182 3
185 185 197
186 186 197
187 187 197
188 188 197
189 189 197
190 190 197
191 191 197
197 197 184
198 198 184
199 199 184
200 200 184
201 201 184
202 202 184
203 203 184
218 218 232
219 219 232
220 220 232
221 221 232
222 222 232
223 223 232
224 224 232
225 225 232
226 226 232
227 227 232
232 232 223
233 233 223
234 234 223
235 235 223
236 236 223
239 239 220
246 246 217
247 247 217
