  182     1     0.1
  177     6     0.2

   93    40     3.1
  101    32     3.2

  112    19   102.1
  102    29   102.2

  121    10   201.1
  113    18   201.2

  202   184   221.1
  195   191   221.2

  152   131   514.1
  144   139   514.2

  238   219   524.1
  230   227   524.2

   67    46   605.1
   57    56   605.2

  158   124   613.1
  153   129   613.2

  156   131   614.1
  153   134   614.2

  248   214   623.1
  244   218   623.2

   82    68   807.1
   76    74   807.2

   87    41   904.1
   84    44   904.2

