8 92  0 8  0.1
7 93  0 8  0.1
6 94  0 8  0.1
65 70  0 8  0.1
64 71  0 8  0.1
63 72  0 8  0.1
62 73  0 8  0.1
59 75  0 8  0.1
5 97  0 8  0.1
58 76  0 8  0.1
4 98  0 8  0.1
41 46  0 8  0.1
40 47  0 8  0.1
3 99  0 8  0.1
39 48  0 8  0.1
38 49  0 8  0.1
36 50  0 8  0.1
35 51  0 8  0.1
34 52  0 8  0.1
33 53  0 8  0.1
32 54  0 8  0.1
31 55  0 8  0.1
30 56  0 8  0.1
21 77  0 8  0.1
2 100  0 8  0.1
20 78  0 8  0.1
19 79  0 8  0.1
18 80  0 8  0.1
17 81  0 8  0.1
16 82  0 8  0.1
15 83  0 8  0.1
14 84  0 8  0.1
13 85  0 8  0.1
12 86  0 8  0.1
11 87  0 8  0.1
1 101  0 8  0.1
