1 343   0  10000
2 342   0  10000
3 341   0  10000
4 340   0  10000
5 339   0  10000
6 338   0  10000
7 337   0  10000
8 336   0  10000
9 335   0  10000
10 334   0  10000
13 312   0  10000
14 311   0  10000
15 310   0  10000
16 309   0  10000
17 308   0  10000
18 307   0  10000
20 44   0  10000
21 43   0  10000
22 42   0  10000
23 41   0  10000
25 38   0  10000
26 37   0  10000
27 36   0  10000
28 35   0  10000
29 34   0  10000
58 220   0  10000
59 219   0  10000
60 218   0  10000
61 217   0  10000
68 216   0  10000
69 215   0  10000
70 214   0  10000
71 213   0  10000
72 212   0  10000
73 87   0  10000
74 86   0  10000
75 85   0  10000
76 84   0  10000
77 83   0  10000
88 101   0  10000
89 100   0  10000
90 99   0  10000
91 98   0  10000
92 97   0  10000
102 211   0  10000
103 210   0  10000
107 209   0  10000
108 208   0  10000
109 205   0  10000
110 204   0  10000
111 203   0  10000
125 152   0  10000
126 151   0  10000
127 148   0  10000
128 147   0  10000
129 146   0  10000
130 145   0  10000
131 144   0  10000
132 143   0  10000
133 142   0  10000
134 141   0  10000
135 140   0  10000
160 178   0  10000
161 177   0  10000
162 176   0  10000
163 175   0  10000
164 174   0  10000
165 173   0  10000
179 201   0  10000
181 198   0  10000
182 197   0  10000
183 196   0  10000
184 195   0  10000
185 194   0  10000
186 193   0  10000
224 270   0  10000
225 269   0  10000
226 268   0  10000
227 267   0  10000
233 261   0  10000
234 260   0  10000
235 259   0  10000
236 258   0  10000
237 257   0  10000
240 253   0  10000
241 252   0  10000
242 251   0  10000
277 296   0  10000
278 295   0  10000
279 294   0  10000
280 293   0  10000
281 292   0  10000
282 291   0  10000
283 290   0  10000
284 289   0  10000
