2 2 335
3 3 335
4 4 335
5 5 335
6 6 335
7 7 335
8 8 335
9 9 335
10 10 335
11 11 335
14 14 151
15 15 149
16 16 145
17 17 140
18 18 134
19 19 127
20 20 119
21 21 110
22 22 101
23 23 92
24 24 83
25 25 74
26 26 66
27 27 60
28 28 56
29 29 54
30 30 54
35 35 26
36 36 26
37 37 26
38 38 26
39 39 26
42 42 21
43 43 21
44 44 21
45 45 21
59 59 218
60 60 218
61 61 218
62 62 218
69 69 214
70 70 214
71 71 214
72 72 214
75 75 84
76 76 84
77 77 84
78 78 84
84 84 75
85 85 75
86 86 75
87 87 75
90 90 98
91 91 98
92 92 98
93 93 98
98 98 90
99 99 90
100 100 90
101 101 90
104 104 210
108 108 204
109 109 204
110 110 204
111 111 204
112 112 204
126 126 141
127 127 141
128 128 141
129 129 141
130 130 141
131 131 141
132 132 141
133 133 141
134 134 141
135 135 141
136 136 141
141 141 128
142 142 128
143 143 128
144 144 128
145 145 128
146 146 128
147 147 128
148 148 128
149 149 128
152 152 125
153 153 125
161 161 174
162 162 174
163 163 174
164 164 174
165 165 174
166 166 174
174 174 162
175 175 162
176 176 162
177 177 162
178 178 162
182 182 194
183 183 194
184 184 194
185 185 194
186 186 194
187 187 194
194 194 182
195 195 182
196 196 182
197 197 182
198 198 182
199 199 182
202 202 136
203 203 136
204 204 136
205 205 136
206 206 136
209 209 106
210 210 106
211 211 106
214 214 59
215 215 59
216 216 59
217 217 59
218 218 59
219 219 59
220 220 59
221 221 59
225 225 268
226 226 268
227 227 268
228 228 268
234 234 258
235 235 258
236 236 258
237 237 258
238 238 258
241 241 252
242 242 252
243 243 252
252 252 241
253 253 241
254 254 241
258 258 234
259 259 234
260 260 234
261 261 234
262 262 234
268 268 225
269 269 225
270 270 225
271 271 225
278 278 290
279 279 290
280 280 290
281 281 290
282 282 290
283 283 290
284 284 290
285 285 290
290 290 278
291 291 278
292 292 278
293 293 278
294 294 278
295 295 278
296 296 278
297 297 278
308 308 14
309 309 14
310 310 14
311 311 14
312 312 14
313 313 14
335 335 2
336 336 2
337 337 2
338 338 2
339 339 2
340 340 2
341 341 2
342 342 2
343 343 2
344 344 2
