  72   79  0 8  0.99989
  70   81  0 8  0.99957
  71   80  0 8  0.99904
  16   39  0 8  0.99830
  15   40  0 8  0.99734
  26   67  0 8  0.99618
  17   38  0 8  0.99480
  69   82  0 8  0.99321
  73   78  0 8  0.99142
  42   60  0 8  0.98942
  13   41  0 8  0.98721
  22   30  0 8  0.98480
   3   91  0 8  0.98218
  64   85  0 8  0.97936
   4   90  0 8  0.97635
  25   68  0 8  0.97313
  18   37  0 8  0.96972
   5   89  0 8  0.96612
  28   65  0 8  0.96232
  48   55  0 8  0.95834
  43   59  0 8  0.95417
   8   86  0 8  0.94981
   2   92  0 8  0.94528
  27   66  0 8  0.94056
   1   93  0 8  0.93567
  23   29  0 8  0.93061
   9   63  0 8  0.92538
  71   81  0 8  0.91998
  46   55  0 8  0.91442
  70   80  0 8  0.90870
  69   83  0 8  0.90282
  25   67  0 8  0.89679
  63   75  0 8  0.89061
   9   34  0 8  0.88428
  17   37  0 8  0.87782
  26   66  0 8  0.87121
   2   14  0 8  0.86447
  17   32  0 8  0.85760
  77   84  0 8  0.85060
  18   63  0 8  0.84349
  48   54  0 8  0.83625
  54   84  0 8  0.82890
   5   64  0 8  0.82144
  39   64  0 8  0.81387
  16   64  0 8  0.80620
  24   33  0 8  0.79843
  18   38  0 8  0.79057
   2   75  0 8  0.78262
  62   75  0 8  0.77459
  43   60  0 8  0.76647
  14   41  0 8  0.75828
   4   64  0 8  0.75002
  14   74  0 8  0.74169
  32   75  0 8  0.73329
  10   62  0 8  0.72484
  10   63  0 8  0.71633
  26   65  0 8  0.70777
   2   93  0 8  0.69916
  30   86  0 8  0.69051
  13   81  0 8  0.68183
  14   63  0 8  0.67311
  46   93  0 8  0.66436
  18   34  0 8  0.65558
  14   22  0 8  0.64678
  22   64  0 8  0.63797
  38   83  0 8  0.62914
   3   28  0 8  0.62030
  66   85  0 8  0.61145
  17   39  0 8  0.60261
   3   90  0 8  0.59376
   1   84  0 8  0.58492
  21   31  0 8  0.57609
  14   30  0 8  0.56727
  78   85  0 8  0.55847
  41   81  0 8  0.54969
  74   79  0 8  0.54093
  76   91  0 8  0.53220
  19   37  0 8  0.52349
  68   86  0 8  0.51482
   6   11  0 8  0.50619
   9   46  0 8  0.49759
  32   53  0 8  0.48904
  37   84  0 8  0.48053
   5   14  0 8  0.47207
   2   62  0 8  0.46365
  13   71  0 8  0.45530
  66   86  0 8  0.44699
  32   74  0 8  0.43875
   8   91  0 8  0.43056
   1   66  0 8  0.42244
   1   10  0 8  0.41439
  18   33  0 8  0.40640
  30   64  0 8  0.39848
  60   91  0 8  0.39063
  75   86  0 8  0.38285
  63   84  0 8  0.37515
  73   79  0 8  0.36753
  62   89  0 8  0.35998
   1   24  0 8  0.35252
  27   59  0 8  0.34513
  32   90  0 8  0.33783
  33   92  0 8  0.33061
  22   86  0 8  0.32348
  39   85  0 8  0.31643
  10   78  0 8  0.30948
  16   85  0 8  0.30261
   9   38  0 8  0.29583
  24   63  0 8  0.28914
  71   76  0 8  0.28254
  17   83  0 8  0.27603
  16   38  0 8  0.26962
  28   91  0 8  0.26330
  15   42  0 8  0.25707
  29   61  0 8  0.25094
  61   66  0 8  0.24490
  31   42  0 8  0.23895
  34   77  0 8  0.23310
   3   65  0 8  0.22735
   2   83  0 8  0.22169
  59   84  0 8  0.21612
  41   63  0 8  0.21065
  63   76  0 8  0.20528
  31   37  0 8  0.19999
  28   41  0 8  0.19481
  54   69  0 8  0.18971
  41   71  0 8  0.18472
  19   42  0 8  0.17981
