  15   22    0  9998
  43   56    0  9995
  12   25    0  9989
  14   23    0  9981
  42   57    0  9970
  44   55    0  9957
  41   58    0  9941
  45   54    0  9924
  13   24    0  9904
  46   53    0  9881
   1   84    0  9857
   2   83    0  9830
  27   72    0  9800
   4   81    0  9769
  40   59    0  9735
  10   26    0  9699
   3   82    0  9661
  34   66    0  9621
   5   80    0  9579
  35   65    0  9535
  16   21    0  9488
  37   63    0  9440
  39   60    0  9389
  36   64    0  9337
   8   77    0  9283
  11   73    0  9226
  27   35    0  9168
   5   35    0  9108
  11   63    0  9047
  59   78    0  8984
