  15   22    0  9998
  43   56    0  9995
  12   25    0  9989
  14   23    0  9981
  42   57    0  9970
  44   55    0  9957
  41   58    0  9941
  45   54    0  9924
  13   24    0  9904
  46   53    0  9881
   1   84    0  9857
   2   83    0  9830
  27   72    0  9800
   4   81    0  9769
  40   59    0  9735
  10   26    0  9699
   3   82    0  9661
  34   66    0  9621
   5   80    0  9579
  35   65    0  9535
  16   21    0  9488
  37   63    0  9440
  39   60    0  9389
  36   64    0  9337
   8   77    0  9283
  11   73    0  9226
  27   35    0  9168
   5   35    0  9108
  11   63    0  9047
  59   78    0  8984
   8   76    0  8919
  30   37    0  8852
  29   70    0  8784
  37   62    0  8714
  35   80    0  8643
  47   52    0  8570
   8   25    0  8496
  11   26    0  8420
  35   60    0  8343
  47   53    0  8265
   8   32    0  8186
  39   61    0  8105
  40   78    0  8024
  24   75    0  7941
   5   34    0  7857
  41   60    0  7773
  35   72    0  7687
  13   75    0  7601
  41   50    0  7513
  50   76    0  7425
  78   83    0  7337
   4   78    0  7247
   6   78    0  7157
  18   78    0  7067
  31   40    0  6975
   5   66    0  6884
  32   37    0  6792
  15   30    0  6700
  11   32    0  6607
  32   69    0  6514
   1   82    0  6421
   8   75    0  6327
  30   63    0  6234
  32   63    0  6140
   1   83    0  6047
   2   81    0  5953
   3   80    0  5860
  35   61    0  5766
  11   84    0  5673
   4   84    0  5580
  63   77    0  5487
  30   35    0  5394
  66   73    0  5302
  22   30    0  5210
   6   37    0  5118
  31   78    0  5027
  31   59    0  4937
   5   82    0  4846
  32   76    0  4757
  42   51    0  4667
  63   73    0  4579
  20   37    0  4491
  37   84    0  4403
  32   49    0  4317
   3   63    0  4231
  11   52    0  4145
  14   78    0  4061
  17   44    0  3977
   4   80    0  3894
   4   83    0  3812
   6   81    0  3731
   3   20    0  3650
  30   66    0  3571
  32   73    0  3492
  35   77    0  3415
   3   59    0  3338
  49   60    0  3262
   1   81    0  3187
  27   81    0  3113
  30   72    0  3040
