0 0
1 167
2 167
3 167
4 167
5 167
6 167
7 167
8 167
9 167
10 0
11 0
12 74
13 74
14 74
15 74
16 74
17 74
18 74
19 74
20 0
21 0
22 70
23 0
24 0
25 0
26 0
27 0
28 0
29 0
30 56
31 56
32 56
33 56
34 56
35 56
36 56
37 56
38 56
39 0
40 0
41 54
42 0
43 0
44 0
45 0
46 0
47 0
48 0
49 0
50 0
51 0
52 0
53 0
54 31
55 31
56 31
57 31
58 31
59 31
60 31
61 31
62 31
63 31
64 0
65 0
66 0
67 0
68 0
69 0
70 22
71 0
72 0
73 13
74 13
75 13
76 13
77 13
78 13
79 13
80 0
81 0
82 102
83 102
84 102
85 102
86 102
87 102
88 102
89 102
90 102
91 102
92 102
93 102
94 0
95 0
96 0
97 0
98 0
99 0
100 0
101 83
102 83
103 83
104 83
105 83
106 83
107 83
108 83
109 83
110 83
111 83
112 83
113 0
114 0
115 131
116 131
117 131
118 131
119 131
120 131
121 131
122 131
123 131
124 131
125 0
126 0
127 0
128 0
129 0
130 117
131 117
132 117
133 117
134 117
135 117
136 117
137 117
138 117
139 117
140 117
141 117
142 117
143 117
144 117
145 117
146 117
147 117
148 117
149 117
150 0
151 0
152 0
153 0
154 143
155 143
156 143
157 143
158 143
159 143
160 143
161 143
162 0
163 0
164 0
165 0
166 2
167 2
168 2
169 2
170 2
171 2
172 2
173 2
174 2
