0 0
1 0
2 0
3 0
4 18
5 18
6 18
7 0
8 0
9 0
10 0
11 0
12 0
13 0
14 0
15 0
16 0
17 5
18 5
19 5
20 0
21 0
22 0
23 0
24 0
25 0
26 0
27 0
28 0
29 44
30 44
31 44
32 0
33 0
34 0
35 0
36 0
37 0
38 0
39 0
40 0
41 0
42 0
43 30
44 30
45 30
46 0
47 0
48 0
49 0
50 0
51 0
52 0
53 0
54 0
55 0
56 0
57 0
58 0
59 0
60 0
61 0
62 0
63 0
64 0
65 0
66 80
67 80
68 80
69 80
70 80
71 80
72 0
73 0
74 0
75 0
76 0
77 0
78 0
79 67
80 67
81 67
82 67
83 67
84 67
85 0
86 0
87 0
88 0
89 132
90 132
91 0
92 0
93 128
94 128
95 128
96 0
97 0
98 0
99 0
100 0
101 0
102 114
103 114
104 114
105 114
106 114
107 114
108 114
109 0
110 0
111 0
112 0
113 103
114 103
115 103
116 103
117 103
118 103
119 103
120 0
121 0
122 0
123 0
124 0
125 0
126 0
127 94
128 94
129 94
130 0
131 0
132 89
133 89
134 0
135 0
136 0
137 0
138 0
139 0
140 0
141 0
