    4     3   1.000000 0.000000 0.000000  A -1.995762
    5     2   1.000000 0.153993 0.000000  P 0.000000
    5     3   1.000000 -0.149294 0.000011  P 0.000000
   10     9   1.000000 -0.156352 0.000000  A -1.998801
   12    10   1.000000 0.153993 0.000000  P 0.000000
   12    11   1.000000 -0.153020 -31226.126953  A -1.577445
   17    16   1.000000 0.153993 0.000000  A -3.646585
   18    15   1.000000 0.153993 0.000000  A -0.704566
   20    19   1.000000 -0.169755 -0.000000  A -2.412062
   22    21   1.000000 0.153993 0.000000  A -2.412062
   23    14   1.000000 0.153993 0.000000  A -0.920564
   23    20   1.000000 -0.156352 0.000000  P 0.000000
   24     7   1.000000 -0.169755 -0.000000  A -1.578586
   24     8   1.000000 -0.149294 0.000011  A -2.007742
   28    27   1.000000 0.153993 0.000000  A -1.152136
   29    26   1.000000 0.171459 0.000000  A -1.996516
   30    25   1.000000 0.171459 0.000000  A -1.577063
   32    31   1.000000 0.171459 0.000000  A -3.235633
   34     2   1.000000 -0.149294 0.000011  A -2.412062
   38     1   1.000000 0.153993 0.000000  A -1.995762
   39     1   1.000000 -0.149106 0.000001  A -1.577063
