  343     1   700.1
  334    10   700.2

  312    13   301.1
  307    18   301.2

   43    20   302.1
   34    29   302.2

  220    58   306.1
  217    61   306.2

  216    68   307.1
  212    72   307.2

   87    73   908.1
   83    77   908.2

  101    88   110.1
   97    92   110.2

  205   109   213.1
  203   111   213.2

  210   106   213.1
  208   108   213.2

  148   127   615.1
  140   135   615.2

  178   160   918.1
  171   167   918.2

  199   180   120.1
  191   188   120.2

  270   224   924.1
  267   227   924.2

  261   233   825.1
  257   237   825.2

  253   240   726.1
  249   244   726.2

  297   276   130.1
  289   284   130.2
