 108  117  0 8  0.99994
  92  129  0 8  0.99976
  91  130  0 8  0.99947
  43   59  0 8  0.99905
  90  131  0 8  0.99852
 109  116  0 8  0.99787
   4  165  0 8  0.99710
   1  168  0 8  0.99622
  45   57  0 8  0.99522
   2  167  0 8  0.99410
  89  132  0 8  0.99287
   3  166  0 8  0.99152
  44   58  0 8  0.99005
  13   28  0 8  0.98847
  14   27  0 8  0.98677
 110  115  0 8  0.98497
  12   29  0 8  0.98304
  88  133  0 8  0.98101
  93  128  0 8  0.97887
  15   26  0 8  0.97661
   5  164  0 8  0.97424
  11   30  0 8  0.97177
  16   25  0 8  0.96918
  86  135  0 8  0.96649
  87  134  0 8  0.96369
  78  146  0 8  0.96079
  17   24  0 8  0.95778
  85  136  0 8  0.95467
  10   31  0 8  0.95145
 101  126  0 8  0.94814
  60  150  0 8  0.94472
  71  154  0 8  0.94121
  79  145  0 8  0.93759
  62   70  0 8  0.93388
  84  137  0 8  0.93008
  46   56  0 8  0.92618
 102  125  0 8  0.92219
  18   23  0 8  0.91810
   6  163  0 8  0.91393
  80  144  0 8  0.90967
  63   69  0 8  0.90532
 107  118  0 8  0.90088
  73  152  0 8  0.89636
  37  160  0 8  0.89176
  94  127  0 8  0.88708
 105  120  0 8  0.88231
   9   32  0 8  0.87747
   7  162  0 8  0.87255
   8  161  0 8  0.86756
  38  159  0 8  0.86249
  70   81  0 8  0.85735
  81  143  0 8  0.85214
 106  119  0 8  0.84687
  39  158  0 8  0.84152
 100  127  0 8  0.83611
  64   70  0 8  0.83064
  62   81  0 8  0.82510
  33  156  0 8  0.81951
   9   36  0 8  0.81385
 144  154  0 8  0.80814
 102  126  0 8  0.80238
 139  160  0 8  0.79656
  82  142  0 8  0.79069
  85  137  0 8  0.78477
  36  161  0 8  0.77880
   8  160  0 8  0.77279
  99  127  0 8  0.76673
  21   50  0 8  0.76063
  84  142  0 8  0.75449
  63   68  0 8  0.74831
 103  124  0 8  0.74209
   8  163  0 8  0.73584
   9   62  0 8  0.72955
 100  126  0 8  0.72323
  50  143  0 8  0.71688
  33   64  0 8  0.71051
  60   66  0 8  0.70410
  45   59  0 8  0.69768
  40  157  0 8  0.69122
   1  167  0 8  0.68475
  50  102  0 8  0.67826
  33  118  0 8  0.67175
  49   77  0 8  0.66522
  36   62  0 8  0.65868
  33   51  0 8  0.65213
  84  136  0 8  0.64556
 155  161  0 8  0.63899
   4  164  0 8  0.63241
  43   67  0 8  0.62582
  67  120  0 8  0.61922
  49   54  0 8  0.61263
 155  160  0 8  0.60603
 104  124  0 8  0.59943
  83  140  0 8  0.59283
  36  158  0 8  0.58624
  59   67  0 8  0.57965
  36   64  0 8  0.57307
 137  154  0 8  0.56650
  75   80  0 8  0.55993
  35  162  0 8  0.55338
  71  137  0 8  0.54683
 145  154  0 8  0.54031
  51  143  0 8  0.53379
  54   77  0 8  0.52729
  51  109  0 8  0.52081
  22   99  0 8  0.51435
 110  116  0 8  0.50791
 103  122  0 8  0.50149
  94   99  0 8  0.49509
  37   64  0 8  0.48871
  83  141  0 8  0.48237
   3   64  0 8  0.47604
  79   84  0 8  0.46975
  94  128  0 8  0.46348
   9   70  0 8  0.45724
  93  129  0 8  0.45103
  76  146  0 8  0.44486
  94  100  0 8  0.43871
 149  155  0 8  0.43261
  47   55  0 8  0.42653
  84  154  0 8  0.42049
  95  112  0 8  0.41449
 104  122  0 8  0.40852
 143  155  0 8  0.40260
 145  153  0 8  0.39671
  36   70  0 8  0.39086
  54  147  0 8  0.38505
   5  165  0 8  0.37928
  16   24  0 8  0.37356
  53   61  0 8  0.36788
  46   58  0 8  0.36224
  17   22  0 8  0.35665
  16  140  0 8  0.35110
 109  117  0 8  0.34560
   9  159  0 8  0.34014
  67  105  0 8  0.33473
  99  128  0 8  0.32936
  95  126  0 8  0.32405
 103  123  0 8  0.31878
   8  159  0 8  0.31356
  97  168  0 8  0.30839
  54   64  0 8  0.30327
  43   57  0 8  0.29820
  74   80  0 8  0.29318
  46   71  0 8  0.28821
  39  102  0 8  0.28329
  87  135  0 8  0.27842
  73   79  0 8  0.27360
  33   78  0 8  0.26883
  19   76  0 8  0.26412
  64   73  0 8  0.25946
  54   60  0 8  0.25484
  81   91  0 8  0.25029
  86  146  0 8  0.24578
  14   28  0 8  0.24133
  49  150  0 8  0.23693
  43   63  0 8  0.23258
  79  144  0 8  0.22829
 140  168  0 8  0.22404
  33  113  0 8  0.21985
  78  147  0 8  0.21572
  13   22  0 8  0.21163
  89  131  0 8  0.20760
  20  112  0 8  0.20362
  64  137  0 8  0.19970
 150  155  0 8  0.19583
  99  112  0 8  0.19200
  85  135  0 8  0.18824
 104  123  0 8  0.18452
  96  128  0 8  0.18086
 112  126  0 8  0.17724
  53  116  0 8  0.17368
  45   67  0 8  0.17017
  10  163  0 8  0.16671
  71  144  0 8  0.16331
  56   71  0 8  0.15995
  96  139  0 8  0.15664
   6  161  0 8  0.15339
   8  155  0 8  0.15018
 100  132  0 8  0.14702
  64  154  0 8  0.14392
   4  138  0 8  0.14086
  60  154  0 8  0.13785
 130  140  0 8  0.13489
 113  147  0 8  0.13197
  95  118  0 8  0.12911
  57   67  0 8  0.12629
 113  132  0 8  0.12352
  71   84  0 8  0.12079
  21  132  0 8  0.11812
  37   63  0 8  0.11548
 103  121  0 8  0.11289
  86  134  0 8  0.11035
  65   85  0 8  0.10785
  34   41  0 8  0.10540
  68   82  0 8  0.10299
  85  141  0 8  0.10062
  95  110  0 8  0.09830
  37   69  0 8  0.09601
 107  119  0 8  0.09377
  66  145  0 8  0.09158
 138  143  0 8  0.08942
  95  143  0 8  0.08730
  63  160  0 8  0.08522
  50  132  0 8  0.08319
  64   71  0 8  0.08119
  95  133  0 8  0.07923
 100  115  0 8  0.07730
 105  156  0 8  0.07542
 135  143  0 8  0.07357
   3  168  0 8  0.07176
  12   36  0 8  0.06999
  73   80  0 8  0.06825
