9 176    0  10000
81 86    0  10000
8 177    0  10000
80 87    0  10000
79 88    0  10000
77 90    0  10000
76 91    0  10000
75 92    0  10000
72 95    0  10000
71 97    0  10000
7 178    0  10000
70 98    0  10000
6 179    0  10000
58 66    0  10000
57 67    0  10000
56 68    0  10000
55 69    0  10000
5 180    0  10000
50 102    0  10000
49 103    0  10000
48 104    0  10000
47 105    0  10000
4 181    0  10000
3 182    0  10000
24 35    0  10000
23 36    0  10000
22 37    0  10000
21 38    0  10000
20 39    0  10000
194 200    0  10000
19 40    0  10000
193 201    0  10000
192 202    0  10000
191 203    0  10000
190 204    0  10000
189 205    0  10000
188 206    0  10000
187 207    0  10000
186 208    0  10000
185 209    0  10000
18 41    0  10000
17 168    0  10000
16 169    0  10000
161 165    0  10000
160 166    0  10000
159 167    0  10000
15 170    0  10000
145 150    0  10000
144 151    0  10000
143 152    0  10000
14 171    0  10000
141 153    0  10000
139 155    0  10000
137 157    0  10000
136 158    0  10000
13 172    0  10000
12 173    0  10000
119 124    0  10000
118 125    0  10000
117 126    0  10000
116 127    0  10000
115 128    0  10000
113 132    0  10000
112 133    0  10000
11 174    0  10000
111 134    0  10000
10 175    0  10000
