   1  0
   2  0
   3  0
   4  0
   5  0
   6  0
   7  0
   8  0
   9  1
  10  1
  11  1
  12  1
  13  0
  14  1
  15  1
  16  1
  17  1
  18  1
  19  1
  20  1
  21  1
  22  1
  23  1
  24  0
  25  0
  26  0
  27  0
  28  0
  29  0
  30  0
  31  0
  32  0
  33  0
  34  0
  35  0
  36  1
  37  1
  38  1
  39  1
  40  1
  41  1
  42  0
  43  0
  44  0
  45  0
  46  0
  47  1
  48  1
  49  0
  50  0
  51  0
  52  0
  53  0
  54  0
  55  1
  56  1
  57  0
  58  0
  59  0
  60  0
  61  0
  62  0
  63  0
  64  0
  65  0
  66  0
  67  0
  68  1
  69  1
  70  0
  71  1
  72  1
  73  1
  74  1
  75  0
  76  0
  77  0
  78  0
  79  0
  80  0
  81  1
  82  1
  83  0
  84  0
  85  0
  86  0
  87  0
  88  0
  89  0
  90  1
  91  1
  92  1
  93  1
  94  0
  95  0
  96  0
  97  0
  98  0
  99  0
 100  0
 101  0
 102  0
 103  1
 104  0
 105  0
 106  0
 107  0
 108  0
 109  0
 110  0
 111  1
 112  1
 113  1
 114  0
 115  1
 116  1
 117  1
 118  1
 119  1
 120  0
 121  0
 122  0
 123  0
 124  1
 125  1
 126  1
 127  1
 128  1
 129  0
 130  0
 131  0
 132  1
 133  1
 134  1
 135  0
 136  0
 137  0
 138  1
 139  0
 140  0
 141  0
 142  0
 143  0
 144  0
 145  0
 146  0
 147  0
 148  0
 149  0
 150  1
 151  1
 152  1
 153  1
 154  0
 155  0
 156  1
 157  1
 158  0
 159  0
 160  0
 161  0
 162  0
 163  0
 164  0
 165  0
 166  1
 167  1
 168  1
 169  1
 170  1
 171  1
 172  0
 173  1
 174  1
 175  1
 176  1
 177  0
 178  0
 179  0
 180  0
 181  0
 182  0
 183  0
 184  0
 185  1
 186  1
 187  1
 188  0
 189  0
 190  1
 191  1
 192  1
 193  1
 194  0
 195  0
 196  0
 197  0
 198  0
 199  0
 200  0
 201  1
 202  1
 203  1
 204  1
 205  0
 206  0
 207  0
 208  1
 209  1
 210  0
