  21   32  0 8  0.99989
  22   31  0 8  0.99957
  51   74  0 8  0.99902
  23   30  0 8  0.99826
  57   69  0 8  0.99729
  24   29  0 8  0.99609
  19   34  0 8  0.99469
  48   79  0 8  0.99307
  47   80  0 8  0.99123
  20   33  0 8  0.98919
  44   82  0 8  0.98693
  49   78  0 8  0.98447
  17   36  0 8  0.98180
  15   38  0 8  0.97892
  14   39  0 8  0.97584
  45   81  0 8  0.97256
  56   70  0 8  0.96908
  18   35  0 8  0.96540
   6   88  0 8  0.96152
  53   72  0 8  0.95745
  47   76  0 8  0.95320
   5   89  0 8  0.94875
   7   87  0 8  0.94412
  43   83  0 8  0.93931
  50   75  0 8  0.93432
  54   70  0 8  0.92916
  53   71  0 8  0.92382
  27   54  0 8  0.91831
  16   36  0 8  0.91264
  52   73  0 8  0.90681
  48   76  0 8  0.90081
  11   87  0 8  0.89467
  54   72  0 8  0.88837
  44   83  0 8  0.88192
  27   72  0 8  0.87533
  54   71  0 8  0.86860
  26   53  0 8  0.86174
  46   79  0 8  0.85474
  43   81  0 8  0.84762
  26   71  0 8  0.84037
   4   90  0 8  0.83300
   7   88  0 8  0.82552
  26   72  0 8  0.81793
  47   79  0 8  0.81023
  46   75  0 8  0.80243
  85   90  0 8  0.79453
  52   90  0 8  0.78654
  10   87  0 8  0.77846
   8   87  0 8  0.77030
  26   54  0 8  0.76205
   4   86  0 8  0.75373
  26   55  0 8  0.74534
  59   87  0 8  0.73688
  22   32  0 8  0.72836
  51   81  0 8  0.71978
  27   57  0 8  0.71115
  46   78  0 8  0.70247
  27   39  0 8  0.69374
  46   58  0 8  0.68498
  14   27  0 8  0.67617
  26   39  0 8  0.66734
  13   41  0 8  0.65848
  53   75  0 8  0.64959
  10   75  0 8  0.64068
   6   11  0 8  0.63176
  48   80  0 8  0.62283
  74   81  0 8  0.61389
   3   10  0 8  0.60495
  10   90  0 8  0.59601
  50   79  0 8  0.58707
  11   90  0 8  0.57814
  28   52  0 8  0.56923
   4   60  0 8  0.56032
  27   69  0 8  0.55144
  17   35  0 8  0.54258
  12   20  0 8  0.53375
  11   85  0 8  0.52495
  35   59  0 8  0.51618
  61   89  0 8  0.50744
   4   12  0 8  0.49875
   4   29  0 8  0.49010
   5   25  0 8  0.48149
   6   90  0 8  0.47293
   3   16  0 8  0.46442
  24   30  0 8  0.45597
  26   56  0 8  0.44757
  58   70  0 8  0.43924
  35   81  0 8  0.43096
   8   52  0 8  0.42275
  13   82  0 8  0.41460
  55   76  0 8  0.40653
  36   84  0 8  0.39852
  53   70  0 8  0.39059
  14   26  0 8  0.38273
   3   55  0 8  0.37494
   3   61  0 8  0.36724
   3   47  0 8  0.35962
  14   72  0 8  0.35207
  23   29  0 8  0.34462
   5   11  0 8  0.33724
   9   59  0 8  0.32995
  58   87  0 8  0.32275
  48   58  0 8  0.31564
   8   60  0 8  0.30862
  61   83  0 8  0.30169
  25   58  0 8  0.29485
  54   69  0 8  0.28810
  45   83  0 8  0.28144
   4   35  0 8  0.27488
  27   62  0 8  0.26842
  19   43  0 8  0.26204
   5   90  0 8  0.25577
