 280  293    0  9999
 237  258    0  9998
  24   39    0  9997
 183  196    0  9995
 281  292    0  9992
 187  192    0  9989
 283  290    0  9985
 279  294    0  9981
  92   97    0  9976
 235  260    0  9971
  23   41    0  9965
  77   83    0  9958
 184  195    0  9951
 282  291    0  9943
 186  193    0  9935
 164  174    0  9926
 236  259    0  9917
  25   38    0  9907
   6  338    0  9896
 182  197    0  9885
 131  144    0  9873
 130  145    0  9861
 185  194    0  9848
 284  289    0  9835
 278  295    0  9821
 132  143    0  9807
 225  269    0  9792
   1  343    0  9776
  26   37    0  9760
  89  100    0  9744
   9  335    0  9726
 241  251    0  9709
  70  214    0  9691
  68  216    0  9672
   2  342    0  9653
  91   98    0  9633
   8  336    0  9613
  90   99    0  9592
   5  339    0  9571
 240  252    0  9549
 181  198    0  9527
  88  101    0  9504
   7  337    0  9481
  13  312    0  9457
  15  310    0  9433
 242  250    0  9408
 133  142    0  9383
  14  311    0  9357
  71  213    0  9331
  75   85    0  9304
 226  268    0  9277
  16  309    0  9250
  21   43    0  9222
  69  215    0  9194
  74   86    0  9165
  60  218    0  9135
   3  341    0  9106
  56  325    0  9076
  17  308    0  9045
  57  324    0  9014
  27   36    0  8983
  22   42    0  8951
 277  296    0  8919
  12  313    0  8886
  59  219    0  8853
 134  141    0  8820
  73   87    0  8786
 129  146    0  8752
  72  212    0  8717
 239  253    0  8683
 165  173    0  8647
 234  261    0  8612
 135  140    0  8576
 102  211    0  8540
 108  208    0  8503
  64  247    0  8466
 227  267    0  8429
  28   35    0  8391
 163  175    0  8353
  18  307    0  8315
 179  201    0  8277
   4  340    0  8238
 224  270    0  8199
  76   84    0  8160
 111  203    0  8120
 275  297    0  8080
 120  159    0  8040
 126  151    0  7999
  65  246    0  7959
  10  334    0  7918
  66  245    0  7876
