0 0
1 335
2 335
3 335
4 335
5 335
6 335
7 335
8 335
9 335
10 335
11 0
12 0
13 151
14 149
15 145
16 140
17 134
18 127
19 119
20 110
21 101
22 92
23 83
24 74
25 66
26 60
27 56
28 54
29 54
30 0
31 0
32 0
33 0
34 26
35 26
36 26
37 26
38 26
39 0
40 0
41 21
42 21
43 21
44 21
45 0
46 0
47 0
48 0
49 0
50 0
51 0
52 0
53 0
54 0
55 0
56 0
57 0
58 218
59 218
60 218
61 218
62 0
63 0
64 0
65 0
66 0
67 0
68 214
69 214
70 214
71 214
72 0
73 0
74 84
75 84
76 84
77 84
78 0
79 0
80 0
81 0
82 0
83 75
84 75
85 75
86 75
87 0
88 0
89 98
90 98
91 98
92 98
93 0
94 0
95 0
96 0
97 90
98 90
99 90
100 90
101 0
102 0
103 210
104 0
105 0
106 0
107 204
108 204
109 204
110 204
111 204
112 0
113 0
114 0
115 0
116 0
117 0
118 0
119 0
120 0
121 0
122 0
123 0
124 0
125 141
126 141
127 141
128 141
129 141
130 141
131 141
132 141
133 141
134 141
135 141
136 0
137 0
138 0
139 0
140 128
141 128
142 128
143 128
144 128
145 128
146 128
147 128
148 128
149 0
150 0
151 125
152 125
153 0
154 0
155 0
156 0
157 0
158 0
159 0
160 174
161 174
162 174
163 174
164 174
165 174
166 0
167 0
168 0
169 0
170 0
171 0
172 0
173 162
174 162
175 162
176 162
177 162
178 0
179 0
180 0
181 194
182 194
183 194
184 194
185 194
186 194
187 0
188 0
189 0
190 0
191 0
192 0
193 182
194 182
195 182
196 182
197 182
198 182
199 0
200 0
201 136
202 136
203 136
204 136
205 136
206 0
207 0
208 106
209 106
210 106
211 0
212 0
213 59
214 59
215 59
216 59
217 59
218 59
219 59
220 59
221 0
222 0
223 0
224 268
225 268
226 268
227 268
228 0
229 0
230 0
231 0
232 0
233 258
234 258
235 258
236 258
237 258
238 0
239 0
240 252
241 252
242 252
243 0
244 0
245 0
246 0
247 0
248 0
249 0
250 0
251 241
252 241
253 241
254 0
255 0
256 0
257 234
258 234
259 234
260 234
261 234
262 0
263 0
264 0
265 0
266 0
267 225
268 225
269 225
270 225
271 0
272 0
273 0
274 0
275 0
276 0
277 290
278 290
279 290
280 290
281 290
282 290
283 290
284 290
285 0
286 0
287 0
288 0
289 278
290 278
291 278
292 278
293 278
294 278
295 278
296 278
297 0
298 0
299 0
300 0
301 0
302 0
303 0
304 0
305 0
306 0
307 14
308 14
309 14
310 14
311 14
312 14
313 0
314 0
315 0
316 0
317 0
318 0
319 0
320 0
321 0
322 0
323 0
324 0
325 0
326 0
327 0
328 0
329 0
330 0
331 0
332 0
333 0
334 2
335 2
336 2
337 2
338 2
339 2
340 2
341 2
342 2
343 2
344 0
345 0
346 0
347 0
348 0
349 0
350 0
351 0
