  52   61  0 8  0.99994
  28  129  0 8  0.99975
  79   99  0 8  0.99944
  83   95  0 8  0.99901
  25  132  0 8  0.99845
  39  107  0 8  0.99777
 114  121  0 8  0.99696
  24  133  0 8  0.99603
  26  131  0 8  0.99498
  78  100  0 8  0.99381
 113  122  0 8  0.99251
  80   98  0 8  0.99110
  27  130  0 8  0.98956
  51   62  0 8  0.98790
  38  108  0 8  0.98612
  23  134  0 8  0.98423
   4  157  0 8  0.98221
  82   96  0 8  0.98008
  37  109  0 8  0.97783
  40  106  0 8  0.97546
 112  123  0 8  0.97298
   6  155  0 8  0.97039
  29  128  0 8  0.96768
 115  120  0 8  0.96486
  46   67  0 8  0.96192
   3  158  0 8  0.95888
   5  156  0 8  0.95573
  19   74  0 8  0.95247
  36  110  0 8  0.94910
  87  152  0 8  0.94563
  81   97  0 8  0.94206
  21   74  0 8  0.93838
  50   63  0 8  0.93460
  18  138  0 8  0.93072
   7  154  0 8  0.92674
  23  135  0 8  0.92266
  54   59  0 8  0.91848
  43   70  0 8  0.91422
  13  144  0 8  0.90985
  45   68  0 8  0.90540
  34  125  0 8  0.90086
   2  159  0 8  0.89622
  21  136  0 8  0.89150
  41  104  0 8  0.88670
  44   69  0 8  0.88181
  77  101  0 8  0.87684
  84  139  0 8  0.87179
  29  126  0 8  0.86666
  88  152  0 8  0.86146
   5  139  0 8  0.85618
 119  140  0 8  0.85082
  41   72  0 8  0.84540
  21  134  0 8  0.83990
  43  102  0 8  0.83434
   5  138  0 8  0.82871
  52  143  0 8  0.82301
  43   73  0 8  0.81726
  61  143  0 8  0.81144
  31  126  0 8  0.80557
  20   74  0 8  0.79963
  34  124  0 8  0.79365
  45   54  0 8  0.78761
  73  102  0 8  0.78151
  90  151  0 8  0.77537
  59   68  0 8  0.76919
  36  151  0 8  0.76295
 120  125  0 8  0.75668
  63  135  0 8  0.75036
 120  136  0 8  0.74400
  45   59  0 8  0.73760
 133  140  0 8  0.73117
  54   68  0 8  0.72471
  49   65  0 8  0.71821
   2   84  0 8  0.71168
 138  156  0 8  0.70513
  50   90  0 8  0.69854
  47   66  0 8  0.69194
  22  135  0 8  0.68531
  31  128  0 8  0.67866
  84  152  0 8  0.67199
  43  103  0 8  0.66530
  47   84  0 8  0.65860
   4   21  0 8  0.65188
  79   84  0 8  0.64516
 105  128  0 8  0.63842
  14   28  0 8  0.63168
  84  126  0 8  0.62492
  72  105  0 8  0.61817
   9   65  0 8  0.61141
   1   33  0 8  0.60465
  71  113  0 8  0.59789
  70  103  0 8  0.59113
   4   57  0 8  0.58438
  44   49  0 8  0.57763
  72  102  0 8  0.57089
  33  119  0 8  0.56416
  34  136  0 8  0.55743
  55  146  0 8  0.55072
  49  123  0 8  0.54403
  41  102  0 8  0.53734
 114  123  0 8  0.53068
  42   71  0 8  0.52403
  50   61  0 8  0.51740
  48  123  0 8  0.51079
  89  160  0 8  0.50420
  33  125  0 8  0.49764
  45   65  0 8  0.49109
  49  151  0 8  0.48458
  69   80  0 8  0.47809
  46  122  0 8  0.47163
  24   74  0 8  0.46520
   6  100  0 8  0.45880
  89  153  0 8  0.45244
 101  146  0 8  0.44610
  21  109  0 8  0.43980
   5  151  0 8  0.43354
  23  139  0 8  0.42731
  14  129  0 8  0.42112
   8  149  0 8  0.41496
   5  152  0 8  0.40885
   4   88  0 8  0.40277
  57   90  0 8  0.39674
  51  105  0 8  0.39075
  50   67  0 8  0.38480
  62   89  0 8  0.37889
  33  124  0 8  0.37303
  78  101  0 8  0.36722
 125  136  0 8  0.36145
  44   86  0 8  0.35572
 108  143  0 8  0.35005
 100  125  0 8  0.34442
  66  143  0 8  0.33884
  29  158  0 8  0.33331
  41  103  0 8  0.32782
  14   48  0 8  0.32239
  49   67  0 8  0.31701
  82  139  0 8  0.31168
  21   37  0 8  0.30640
  73   83  0 8  0.30118
  44   70  0 8  0.29600
   1  154  0 8  0.29088
  90  152  0 8  0.28581
   7   31  0 8  0.28080
  62  155  0 8  0.27584
  63  109  0 8  0.27093
   9   45  0 8  0.26608
  73   95  0 8  0.26128
   6   76  0 8  0.25653
  34  100  0 8  0.25184
  37   63  0 8  0.24721
  28   97  0 8  0.24263
 117  154  0 8  0.23811
  95  128  0 8  0.23364
  50   66  0 8  0.22923
  81  143  0 8  0.22487
  38   87  0 8  0.22057
  65   73  0 8  0.21632
  70  102  0 8  0.21213
  23  146  0 8  0.20799
  45   64  0 8  0.20391
  15   98  0 8  0.19989
   4   80  0 8  0.19592
 112  122  0 8  0.19200
  31  124  0 8  0.18814
  62  124  0 8  0.18434
  24  138  0 8  0.18059
  34   62  0 8  0.17689
   9   67  0 8  0.17325
 111  152  0 8  0.16966
 113  121  0 8  0.16612
  39  115  0 8  0.16264
  14   50  0 8  0.15921
   4  147  0 8  0.15584
  29  145  0 8  0.15251
  76   86  0 8  0.14924
  80  139  0 8  0.14603
  97  139  0 8  0.14286
  71  122  0 8  0.13974
   9   46  0 8  0.13668
  23   63  0 8  0.13366
  19  137  0 8  0.13070
   3  146  0 8  0.12779
  33  106  0 8  0.12492
  89  135  0 8  0.12211
   5  128  0 8  0.11934
 115  159  0 8  0.11662
   1  157  0 8  0.11395
  52  154  0 8  0.11133
  88  139  0 8  0.10875
 101  136  0 8  0.10622
  98  129  0 8  0.10374
  88  157  0 8  0.10130
  19  136  0 8  0.09890
  26   88  0 8  0.09656
  34   51  0 8  0.09425
  24  155  0 8  0.09199
  21   63  0 8  0.08977
  26  113  0 8  0.08760
   6  125  0 8  0.08546
  31   72  0 8  0.08337
  67  143  0 8  0.08132
  33   40  0 8  0.07931
  51  107  0 8  0.07734
   2  133  0 8  0.07541
  73  103  0 8  0.07352
   2  161  0 8  0.07166
  29  143  0 8  0.06985
  42   51  0 8  0.06807
   9   54  0 8  0.06633
 139  156  0 8  0.06463
  52   65  0 8  0.06296
  38  143  0 8  0.06133
  35  128  0 8  0.05973
  84  135  0 8  0.05816
  48   70  0 8  0.05664
  40  134  0 8  0.05514
  98  107  0 8  0.05368
 122  147  0 8  0.05225
   9  146  0 8  0.05085
  48   73  0 8  0.04948
  34  120  0 8  0.04814
  44   73  0 8  0.04684
  24   51  0 8  0.04556
 114  147  0 8  0.04431
 146  154  0 8  0.04309
  86  152  0 8  0.04190
  35   52  0 8  0.04074
  43  105  0 8  0.03960
  84  101  0 8  0.03850
   2  103  0 8  0.03741
  79  118  0 8  0.03636
  70  122  0 8  0.03533
