   4   15  0 8  0.99981
  26   35  0 8  0.99923
   9   46  0 8  0.99827
  27   34  0 8  0.99693
  12   43  0 8  0.99520
  10   45  0 8  0.99310
   5   14  0 8  0.99062
  11   44  0 8  0.98777
  24   37  0 8  0.98454
  25   36  0 8  0.98095
   6   38  0 8  0.97700
   1   18  0 8  0.97269
   2   17  0 8  0.96802
  28   33  0 8  0.96301
  13   42  0 8  0.95765
  13   19  0 8  0.95196
  35   42  0 8  0.94594
  19   33  0 8  0.93959
   4   51  0 8  0.93293
  32   37  0 8  0.92596
   4   45  0 8  0.91869
  33   52  0 8  0.91112
  19   39  0 8  0.90327
  27   50  0 8  0.89515
   1   50  0 8  0.88675
  39   52  0 8  0.87810
  10   39  0 8  0.86919
  25   39  0 8  0.86005
   1   28  0 8  0.85067
  11   19  0 8  0.84107
  31   49  0 8  0.83126
   1   19  0 8  0.82125
   1   17  0 8  0.81105
  23   31  0 8  0.80067
  13   18  0 8  0.79011
  18   51  0 8  0.77940
  15   51  0 8  0.76853
  23   37  0 8  0.75753
   1   21  0 8  0.74640
   4   18  0 8  0.73514
  29   50  0 8  0.72378
  38   43  0 8  0.71232
  18   33  0 8  0.70077
  26   42  0 8  0.68914
   5   15  0 8  0.67745
   6   39  0 8  0.66570
  10   43  0 8  0.65390
  24   36  0 8  0.64206
   4   11  0 8  0.63019
   9   36  0 8  0.61831
  35   49  0 8  0.60641
  24   52  0 8  0.59452
  33   51  0 8  0.58264
   1   33  0 8  0.57077
  23   33  0 8  0.55893
   2   27  0 8  0.54713
  32   45  0 8  0.53536
  33   39  0 8  0.52365
  31   52  0 8  0.51200
   5   23  0 8  0.50042
  30   51  0 8  0.48891
  19   52  0 8  0.47748
   4   44  0 8  0.46614
  17   23  0 8  0.45489
  37   46  0 8  0.44375
  17   49  0 8  0.43271
   2   16  0 8  0.42178
  39   50  0 8  0.41097
  18   28  0 8  0.40029
  21   51  0 8  0.38973
