  43   55  0 8  0.99985
  44   54  0 8  0.99940
  15   27  0 8  0.99866
  16   26  0 8  0.99761
  42   56  0 8  0.99628
  41   57  0 8  0.99464
  13   29  0 8  0.99271
  14   28  0 8  0.99049
  45   53  0 8  0.98798
   4   64  0 8  0.98519
  17   25  0 8  0.98210
   2   66  0 8  0.97874
  40   58  0 8  0.97509
  12   30  0 8  0.97117
  11   31  0 8  0.96698
   5   63  0 8  0.96251
   1   67  0 8  0.95778
   3   65  0 8  0.95279
   7   61  0 8  0.94755
  40   59  0 8  0.94205
  19   52  0 8  0.93630
  21   50  0 8  0.93031
  22   34  0 8  0.92408
  39   59  0 8  0.91762
  10   29  0 8  0.91094
  18   25  0 8  0.90403
   5   66  0 8  0.89690
  20   49  0 8  0.88957
  22   67  0 8  0.88204
  20   25  0 8  0.87430
  22   48  0 8  0.86638
  19   49  0 8  0.85827
  12   34  0 8  0.84998
   1   53  0 8  0.84153
  19   50  0 8  0.83290
  19   51  0 8  0.82413
  21   49  0 8  0.81519
  30   45  0 8  0.80612
   1   10  0 8  0.79691
  10   57  0 8  0.78757
  30   48  0 8  0.77810
   1   22  0 8  0.76852
   3   64  0 8  0.75884
  10   41  0 8  0.74905
  25   53  0 8  0.73916
  21   48  0 8  0.72919
   3   67  0 8  0.71914
  45   54  0 8  0.70901
  45   60  0 8  0.69882
  18   53  0 8  0.68857
  20   51  0 8  0.67827
  20   50  0 8  0.66792
   1   63  0 8  0.65754
  18   51  0 8  0.64712
  22   53  0 8  0.63668
  31   60  0 8  0.62622
  10   31  0 8  0.61574
   3   57  0 8  0.60526
  12   59  0 8  0.59479
  20   52  0 8  0.58432
  30   52  0 8  0.57386
  20   64  0 8  0.56342
  10   64  0 8  0.55301
   2   22  0 8  0.54262
   4   61  0 8  0.53227
  18   48  0 8  0.52197
  30   50  0 8  0.51171
  20   34  0 8  0.50150
  10   19  0 8  0.49135
   2   35  0 8  0.48126
   4   20  0 8  0.47124
  18   45  0 8  0.46129
  19   35  0 8  0.45141
  25   65  0 8  0.44162
  11   34  0 8  0.43190
  60   66  0 8  0.42228
  10   60  0 8  0.41274
  32   51  0 8  0.40331
  12   50  0 8  0.39397
  12   31  0 8  0.38473
  26   34  0 8  0.37559
  11   48  0 8  0.36656
  32   39  0 8  0.35765
  26   66  0 8  0.34884
   3   19  0 8  0.34015
  18   52  0 8  0.33158
  39   57  0 8  0.32313
  14   59  0 8  0.31480
  16   21  0 8  0.30659
   7   17  0 8  0.29851
   7   63  0 8  0.29055
  24   38  0 8  0.28272
  31   42  0 8  0.27502
