  43   55    0  9998
  44   54    0  9994
  15   27    0  9986
  16   26    0  9976
  42   56    0  9962
  41   57    0  9946
  13   29    0  9927
  14   28    0  9904
  45   53    0  9879
   4   64    0  9851
  17   25    0  9821
   2   66    0  9787
  40   58    0  9750
  12   30    0  9711
  11   31    0  9669
   5   63    0  9625
   1   67    0  9577
   3   65    0  9527
   7   61    0  9475
  40   59    0  9420
  19   52    0  9363
  21   50    0  9303
  22   34    0  9240
  39   59    0  9176
  10   29    0  9109
  18   25    0  9040
   5   66    0  8969
  20   49    0  8895
  22   67    0  8820
  20   25    0  8743
  22   48    0  8663
  19   49    0  8582
  12   34    0  8499
   1   53    0  8415
  19   50    0  8329
  19   51    0  8241
  21   49    0  8151
  30   45    0  8061
   1   10    0  7969
  10   57    0  7875
  30   48    0  7781
   1   22    0  7685
   3   64    0  7588
  10   41    0  7490
  25   53    0  7391
  21   48    0  7291
   3   67    0  7191
  45   54    0  7090
  45   60    0  6988
  18   53    0  6885
  20   51    0  6782
  20   50    0  6679
   1   63    0  6575
  18   51    0  6471
  22   53    0  6366
  31   60    0  6262
  10   31    0  6157
   3   57    0  6052
  12   59    0  5947
  20   52    0  5843
  30   52    0  5738
  20   64    0  5634
  10   64    0  5530
   2   22    0  5426
   4   61    0  5322
  18   48    0  5219
  30   50    0  5117
  20   34    0  5015
  10   19    0  4913
   2   35    0  4812
   4   20    0  4712
  18   45    0  4612
  19   35    0  4514
  25   65    0  4416
  11   34    0  4319
  60   66    0  4222
  10   60    0  4127
  32   51    0  4033
  12   50    0  3939
  12   31    0  3847
  26   34    0  3755
  11   48    0  3665
  32   39    0  3576
  26   66    0  3488
   3   19    0  3401
  18   52    0  3315
  39   57    0  3231
  14   59    0  3148
  16   21    0  3065
   7   17    0  2985
   7   63    0  2905
  24   38    0  2827
  31   42    0  2750
