 186  200  0 8  0.99996
 226  247  0 8  0.99984
 187  199  0 8  0.99964
 188  198  0 8  0.99935
 189  197  0 8  0.99899
 134  149  0 8  0.99854
   5  178  0 8  0.99802
 133  150  0 8  0.99741
 166  216  0 8  0.99673
 135  148  0 8  0.99596
   4  179  0 8  0.99511
 190  196  0 8  0.99419
 136  147  0 8  0.99318
   8  174  0 8  0.99210
   1  182  0 8  0.99093
  15  116  0 8  0.98969
 122  160  0 8  0.98837
 185  201  0 8  0.98697
 127  155  0 8  0.98549
  22  109  0 8  0.98394
 172  211  0 8  0.98230
 169  212  0 8  0.98060
  26  105  0 8  0.97881
 184  202  0 8  0.97695
 167  216  0 8  0.97501
 125  157  0 8  0.97300
 137  146  0 8  0.97092
  27  106  0 8  0.96876
  23  108  0 8  0.96652
  16  114  0 8  0.96422
  27  104  0 8  0.96184
  24  107  0 8  0.95939
 125  156  0 8  0.95687
 130  151  0 8  0.95428
  89   94  0 8  0.95161
  26  106  0 8  0.94888
   2  181  0 8  0.94608
 128  154  0 8  0.94321
  51   56  0 8  0.94028
 173  208  0 8  0.93728
 125  130  0 8  0.93421
  33  100  0 8  0.93107
  85   91  0 8  0.92787
 121  161  0 8  0.92461
  48   59  0 8  0.92129
 132  150  0 8  0.91790
 131  151  0 8  0.91445
  88   94  0 8  0.91094
  28  228  0 8  0.90737
  49   56  0 8  0.90374
  28  103  0 8  0.90005
  76   90  0 8  0.89631
  50   55  0 8  0.89250
  74   93  0 8  0.88865
 122  158  0 8  0.88473
  26  103  0 8  0.88077
  97  103  0 8  0.87675
 157  166  0 8  0.87267
  33   99  0 8  0.86855
  72   90  0 8  0.86437
  76   86  0 8  0.86015
  95  103  0 8  0.85588
  66   75  0 8  0.85156
  49  138  0 8  0.84719
  34   39  0 8  0.84278
  29   40  0 8  0.83832
   6  177  0 8  0.83382
  87   93  0 8  0.82927
  29  102  0 8  0.82469
  68   79  0 8  0.82006
  10  161  0 8  0.81539
 160  166  0 8  0.81068
  29   37  0 8  0.80594
  43   65  0 8  0.80116
   8  173  0 8  0.79634
  33  102  0 8  0.79148
   5  160  0 8  0.78660
  48   53  0 8  0.78168
  70   88  0 8  0.77672
  45   64  0 8  0.77174
  50   59  0 8  0.76672
 160  178  0 8  0.76168
  67   84  0 8  0.75661
   8  122  0 8  0.75151
  39   54  0 8  0.74639
  85   90  0 8  0.74124
  86   92  0 8  0.73606
 132  151  0 8  0.73087
  71   86  0 8  0.72565
  18  166  0 8  0.72041
  91  104  0 8  0.71515
  38   65  0 8  0.70987
  10  121  0 8  0.70457
  71   89  0 8  0.69926
  84   96  0 8  0.69393
  20  247  0 8  0.68858
 138  145  0 8  0.68322
  28  105  0 8  0.67785
  38   54  0 8  0.67247
 159  166  0 8  0.66707
 131  152  0 8  0.66166
  41   65  0 8  0.65625
  31   40  0 8  0.65083
  68   73  0 8  0.64539
  81   97  0 8  0.63996
  78   88  0 8  0.63451
 129  152  0 8  0.62906
  73   91  0 8  0.62361
  49   63  0 8  0.61816
 159  174  0 8  0.61270
  35   49  0 8  0.60724
  49   58  0 8  0.60179
  72   82  0 8  0.59633
  79   87  0 8  0.59087
 125  227  0 8  0.58542
  67   72  0 8  0.57997
  53   65  0 8  0.57453
 128  152  0 8  0.56909
  38   43  0 8  0.56365
  74   88  0 8  0.55822
  20   35  0 8  0.55280
  51   57  0 8  0.54739
 160  177  0 8  0.54199
  79   93  0 8  0.53660
  83   88  0 8  0.53121
  81   87  0 8  0.52584
   2  180  0 8  0.52048
  38   50  0 8  0.51514
   4  122  0 8  0.50981
  86   94  0 8  0.50449
  85   93  0 8  0.49919
   5  166  0 8  0.49390
  38   51  0 8  0.48863
 124  159  0 8  0.48337
  32   74  0 8  0.47814
  90   95  0 8  0.47292
  41   51  0 8  0.46772
  82   88  0 8  0.46254
  67   99  0 8  0.45739
 157  178  0 8  0.45225
  80   94  0 8  0.44713
 170  213  0 8  0.44204
  30   53  0 8  0.43697
 172  225  0 8  0.43192
  40   65  0 8  0.42690
  41   56  0 8  0.42190
 183  204  0 8  0.41692
 134  150  0 8  0.41197
  79   88  0 8  0.40705
  44   75  0 8  0.40215
   1  167  0 8  0.39728
 133  151  0 8  0.39243
  67   78  0 8  0.38762
  79   89  0 8  0.38283
  21   28  0 8  0.37807
  42   57  0 8  0.37334
  43   52  0 8  0.36864
  75   84  0 8  0.36397
  39   50  0 8  0.35933
  30   42  0 8  0.35472
  88   93  0 8  0.35014
 120  162  0 8  0.34559
  51   58  0 8  0.34107
 122  179  0 8  0.33658
  91  128  0 8  0.33213
  30  109  0 8  0.32771
 166  211  0 8  0.32332
  90  104  0 8  0.31897
  87  103  0 8  0.31464
  36   50  0 8  0.31035
  41   59  0 8  0.30610
 182  204  0 8  0.30188
 181  204  0 8  0.29769
  86  192  0 8  0.29354
  75   85  0 8  0.28942
  64  136  0 8  0.28534
 134  148  0 8  0.28129
  67   74  0 8  0.27727
  87   98  0 8  0.27329
  26  101  0 8  0.26935
  29   55  0 8  0.26544
  30   36  0 8  0.26157
 122  161  0 8  0.25773
  74   83  0 8  0.25393
  31   51  0 8  0.25017
  77   89  0 8  0.24644
  44   55  0 8  0.24274
  40   45  0 8  0.23909
  26   47  0 8  0.23546
  34   50  0 8  0.23188
  58  186  0 8  0.22833
  87   97  0 8  0.22482
  67   90  0 8  0.22134
  50   56  0 8  0.21790
 180  199  0 8  0.21449
  52   57  0 8  0.21113
  20   73  0 8  0.20779
  39   44  0 8  0.20450
  26   87  0 8  0.20124
  88   97  0 8  0.19801
  30   55  0 8  0.19482
  91  103  0 8  0.19167
  45   73  0 8  0.18855
 160  216  0 8  0.18547
  66   83  0 8  0.18242
  96  103  0 8  0.17941
  78   87  0 8  0.17644
  73  102  0 8  0.17350
  66   80  0 8  0.17060
  38   52  0 8  0.16773
  11  161  0 8  0.16489
   5  179  0 8  0.16209
  31   50  0 8  0.15933
  83   93  0 8  0.15660
  81   95  0 8  0.15390
 157  216  0 8  0.15124
 118  163  0 8  0.14861
  91  101  0 8  0.14601
 126  156  0 8  0.14345
 184  204  0 8  0.14093
   6   11  0 8  0.13843
  71  137  0 8  0.13597
  53  188  0 8  0.13354
  72   87  0 8  0.13115
  48   55  0 8  0.12879
  51  131  0 8  0.12646
 177  216  0 8  0.12416
  67   91  0 8  0.12189
  69   75  0 8  0.11966
  47   56  0 8  0.11745
  32  100  0 8  0.11528
 116  224  0 8  0.11314
 222  228  0 8  0.11103
 122  159  0 8  0.10895
  70   82  0 8  0.10690
  70   80  0 8  0.10488
 174  217  0 8  0.10289
  26   98  0 8  0.10093
  54   65  0 8  0.09900
 127  158  0 8  0.09710
  87   92  0 8  0.09523
   8  217  0 8  0.09339
 130  158  0 8  0.09157
 158  179  0 8  0.08978
  80   89  0 8  0.08802
  67   77  0 8  0.08629
   5  174  0 8  0.08458
 216  223  0 8  0.08291
  46   60  0 8  0.08126
  84   94  0 8  0.07963
 130  150  0 8  0.07803
 208  216  0 8  0.07646
 159  177  0 8  0.07491
 152  217  0 8  0.07339
 103  179  0 8  0.07189
   3  180  0 8  0.07042
  94  111  0 8  0.06897
 182  216  0 8  0.06755
  37   42  0 8  0.06615
  31  100  0 8  0.06477
  42   65  0 8  0.06342
  83   90  0 8  0.06209
  13  163  0 8  0.06079
  13  118  0 8  0.05950
 127  153  0 8  0.05824
 122  174  0 8  0.05701
  77   91  0 8  0.05579
 130  152  0 8  0.05459
 166  217  0 8  0.05342
