81 90  0 8  0.1
79 91  0 8  0.1
78 92  0 8  0.1
77 94  0 8  0.1
76 95  0 8  0.1
74 97  0 8  0.1
73 98  0 8  0.1
71 99  0 8  0.1
70 100  0 8  0.1
69 101  0 8  0.1
65 105  0 8  0.1
64 106  0 8  0.1
63 107  0 8  0.1
62 108  0 8  0.1
6 121  0 8  0.1
5 122  0 8  0.1
4 123  0 8  0.1
34 39  0 8  0.1
33 40  0 8  0.1
32 41  0 8  0.1
31 42  0 8  0.1
3 124  0 8  0.1
30 43  0 8  0.1
29 44  0 8  0.1
26 47  0 8  0.1
25 48  0 8  0.1
24 49  0 8  0.1
23 50  0 8  0.1
22 51  0 8  0.1
2 125  0 8  0.1
20 53  0 8  0.1
19 54  0 8  0.1
18 55  0 8  0.1
17 56  0 8  0.1
16 110  0 8  0.1
15 111  0 8  0.1
14 112  0 8  0.1
13 113  0 8  0.1
12 114  0 8  0.1
1 126  0 8  0.1
11 115  0 8  0.1
10 116  0 8  0.1
