  52   63  0 8  0.99987
   7   39  0 8  0.99948
   4   76  0 8  0.99883
   5   75  0 8  0.99792
  14   25  0 8  0.99676
   3   77  0 8  0.99534
  53   62  0 8  0.99366
  51   64  0 8  0.99172
   6   74  0 8  0.98954
  55   60  0 8  0.98710
  16   23  0 8  0.98441
  15   24  0 8  0.98147
   8   38  0 8  0.97829
  45   70  0 8  0.97487
  54   61  0 8  0.97120
   9   37  0 8  0.96730
  17   22  0 8  0.96316
  12   34  0 8  0.95880
  13   26  0 8  0.95420
  12   33  0 8  0.94938
  23   57  0 8  0.94434
  47   68  0 8  0.93908
  49   67  0 8  0.93361
   6   40  0 8  0.92792
  41   73  0 8  0.92204
  51   63  0 8  0.91595
  38   69  0 8  0.90967
   5   74  0 8  0.90319
  60   69  0 8  0.89653
  50   66  0 8  0.88969
  18   57  0 8  0.88267
  32   53  0 8  0.87548
   4   53  0 8  0.86812
  42   53  0 8  0.86060
  26   64  0 8  0.85292
  12   18  0 8  0.84509
  38   67  0 8  0.83712
  13   25  0 8  0.82900
   1   17  0 8  0.82075
  49   66  0 8  0.81238
  23   38  0 8  0.80387
  12   32  0 8  0.79526
  47   70  0 8  0.78653
   3   24  0 8  0.77769
  13   55  0 8  0.76875
  35   71  0 8  0.75972
  15   26  0 8  0.75060
  10   35  0 8  0.74140
  43   71  0 8  0.73211
  39   71  0 8  0.72276
  18   35  0 8  0.71334
   3   16  0 8  0.70386
  57   75  0 8  0.69433
  46   69  0 8  0.68475
  17   77  0 8  0.67513
  24   32  0 8  0.66546
   4   77  0 8  0.65577
   6   73  0 8  0.64605
  10   36  0 8  0.63630
  47   52  0 8  0.62655
  48   65  0 8  0.61678
  37   67  0 8  0.60700
  52   68  0 8  0.59723
  10   24  0 8  0.58746
  13   24  0 8  0.57770
  60   67  0 8  0.56795
  24   33  0 8  0.55823
  55   73  0 8  0.54853
   3   12  0 8  0.53885
  60   65  0 8  0.52921
  40   71  0 8  0.51961
  19   51  0 8  0.51005
  26   51  0 8  0.50053
  49   65  0 8  0.49107
  22   43  0 8  0.48166
  35   74  0 8  0.47231
  32   66  0 8  0.46301
  58   69  0 8  0.45379
  63   68  0 8  0.44463
  51   65  0 8  0.43554
  50   55  0 8  0.42653
  16   71  0 8  0.41759
  13   64  0 8  0.40874
   1   33  0 8  0.39997
   5   40  0 8  0.39129
  12   77  0 8  0.38269
  22   71  0 8  0.37419
   7   60  0 8  0.36578
  41   49  0 8  0.35747
  39   65  0 8  0.34926
  37   69  0 8  0.34114
   1   10  0 8  0.33313
  13   60  0 8  0.32522
  43   50  0 8  0.31742
  10   76  0 8  0.30972
  52   64  0 8  0.30213
   5   60  0 8  0.29466
  24   48  0 8  0.28729
  71   76  0 8  0.28003
  49   64  0 8  0.27289
   1   25  0 8  0.26585
  68   74  0 8  0.25894
   4   75  0 8  0.25213
  40   74  0 8  0.24545
   2   77  0 8  0.23887
   4   15  0 8  0.23242
   5   34  0 8  0.22608
