  52   63    0  9998
   7   39    0  9994
   4   76    0  9988
   5   75    0  9979
  14   25    0  9967
   3   77    0  9953
  53   62    0  9936
  51   64    0  9917
   6   74    0  9895
  55   60    0  9871
  16   23    0  9844
  15   24    0  9814
   8   38    0  9782
  45   70    0  9748
  54   61    0  9712
   9   37    0  9673
  17   22    0  9631
  12   34    0  9588
  13   26    0  9542
  12   33    0  9493
  23   57    0  9443
  47   68    0  9390
  49   67    0  9336
   6   40    0  9279
