  64   80  0 8  0.99991
  65   79  0 8  0.99964
  66   78  0 8  0.99920
  15   27  0 8  0.99857
  42   81  0 8  0.99777
  87   96  0 8  0.99679
   5  108  0 8  0.99563
  34   45  0 8  0.99430
   4  109  0 8  0.99279
   3  110  0 8  0.99111
  67   77  0 8  0.98925
  14   28  0 8  0.98723
  35   44  0 8  0.98502
  51   58  0 8  0.98265
  31   84  0 8  0.98011
  50   59  0 8  0.97740
  16   26  0 8  0.97453
   8  105  0 8  0.97149
   6  107  0 8  0.96828
   2  111  0 8  0.96492
   7  106  0 8  0.96139
   9  103  0 8  0.95771
  13   28  0 8  0.95387
  10   47  0 8  0.94987
  49   61  0 8  0.94572
  33   46  0 8  0.94143
  86   97  0 8  0.93698
   1  112  0 8  0.93239
  68   76  0 8  0.92766
  41   82  0 8  0.92279
  49   60  0 8  0.91777
  30  103  0 8  0.91263
  38   74  0 8  0.90735
  39   75  0 8  0.90193
  51   56  0 8  0.89639
  15   28  0 8  0.89073
  74  103  0 8  0.88494
  39   89  0 8  0.87904
  60  102  0 8  0.87301
  38   89  0 8  0.86688
   6  108  0 8  0.86063
  52   59  0 8  0.85428
  57   89  0 8  0.84782
  20   89  0 8  0.84126
  50   60  0 8  0.83460
   5  107  0 8  0.82785
   2  102  0 8  0.82100
  13   27  0 8  0.81407
   4  110  0 8  0.80705
  49   56  0 8  0.79994
 105  110  0 8  0.79276
   1   49  0 8  0.78550
  49   59  0 8  0.77818
  47  106  0 8  0.77078
  55   61  0 8  0.76331
  38   87  0 8  0.75578
   8  110  0 8  0.74820
   1   54  0 8  0.74055
  16   27  0 8  0.73286
  55   91  0 8  0.72511
  28  102  0 8  0.71732
  39   72  0 8  0.70949
  76   86  0 8  0.70161
   3  109  0 8  0.69370
  20   58  0 8  0.68576
  70  103  0 8  0.67778
  30  111  0 8  0.66978
  68   86  0 8  0.66176
   5   28  0 8  0.65371
  21   90  0 8  0.64565
  54   74  0 8  0.63757
   7  107  0 8  0.62948
  30   60  0 8  0.62139
  71  112  0 8  0.61328
   1   56  0 8  0.60518
  53   74  0 8  0.59707
  61  109  0 8  0.58897
  30   59  0 8  0.58088
  76   97  0 8  0.57279
  74   80  0 8  0.56472
 100  112  0 8  0.55666
  15   57  0 8  0.54862
  49   99  0 8  0.54059
  23   53  0 8  0.53259
  68   97  0 8  0.52462
   7   15  0 8  0.51667
  53   70  0 8  0.50875
   9   46  0 8  0.50086
  47  102  0 8  0.49301
   9   70  0 8  0.48519
  12   55  0 8  0.47741
  55  111  0 8  0.46968
   4  102  0 8  0.46198
  56  109  0 8  0.45433
  13   38  0 8  0.44673
  23   39  0 8  0.43918
  46   60  0 8  0.43167
   4    9  0 8  0.42422
   7   27  0 8  0.41682
   9   89  0 8  0.40948
  12   62  0 8  0.40220
   9   82  0 8  0.39498
  39  110  0 8  0.38781
  46   53  0 8  0.38071
  23   52  0 8  0.37367
  86  112  0 8  0.36670
  49   57  0 8  0.35979
   9   99  0 8  0.35295
   1   71  0 8  0.34618
  81   89  0 8  0.33947
  26   42  0 8  0.33284
  13   29  0 8  0.32628
  91  101  0 8  0.31979
  54  111  0 8  0.31337
  16   42  0 8  0.30703
  56   96  0 8  0.30076
  17   25  0 8  0.29457
  60   87  0 8  0.28846
  26   81  0 8  0.28242
  60   91  0 8  0.27645
  39   74  0 8  0.27057
  97  112  0 8  0.26476
  13  106  0 8  0.25903
  39  109  0 8  0.25338
  14   91  0 8  0.24781
  16   81  0 8  0.24232
  27   57  0 8  0.23691
  44   52  0 8  0.23157
  10   79  0 8  0.22632
  20   60  0 8  0.22115
  28   84  0 8  0.21605
  47  101  0 8  0.21104
  55   70  0 8  0.20610
  23   71  0 8  0.20125
  23   89  0 8  0.19647
   1   61  0 8  0.19178
  48   98  0 8  0.18716
  49   67  0 8  0.18262
  15   26  0 8  0.17816
  26   54  0 8  0.17377
  34   71  0 8  0.16947
  47  107  0 8  0.16524
  16   54  0 8  0.16109
  12  102  0 8  0.15701
  54   67  0 8  0.15301
   1   20  0 8  0.14909
  61  105  0 8  0.14524
  50   57  0 8  0.14146
  46   87  0 8  0.13776
  71   79  0 8  0.13413
