  64   80    0  9999
  65   79    0  9996
  66   78    0  9992
  15   27    0  9985
  42   81    0  9977
  87   96    0  9967
   5  108    0  9956
  34   45    0  9943
   4  109    0  9927
   3  110    0  9911
  67   77    0  9892
  14   28    0  9872
  35   44    0  9850
  51   58    0  9826
  31   84    0  9801
  50   59    0  9774
  16   26    0  9745
   8  105    0  9714
   6  107    0  9682
   2  111    0  9649
   7  106    0  9613
   9  103    0  9577
  13   28    0  9538
  10   47    0  9498
  49   61    0  9457
  33   46    0  9414
  86   97    0  9369
   1  112    0  9323
  68   76    0  9276
  41   82    0  9227
  49   60    0  9177
  30  103    0  9126
  38   74    0  9073
  39   75    0  9019
  51   56    0  8963
  15   28    0  8907
  74  103    0  8849
  39   89    0  8790
  60  102    0  8730
  38   89    0  8668
   6  108    0  8606
  52   59    0  8542
  57   89    0  8478
  20   89    0  8412
  50   60    0  8346
   5  107    0  8278
   2  102    0  8210
  13   27    0  8140
   4  110    0  8070
  49   56    0  7999
 105  110    0  7927
   1   49    0  7855
  49   59    0  7781
  47  106    0  7707
  55   61    0  7633
  38   87    0  7557
   8  110    0  7482
   1   54    0  7405
  16   27    0  7328
  55   91    0  7251
  28  102    0  7173
  39   72    0  7094
  76   86    0  7016
   3  109    0  6937
  20   58    0  6857
  70  103    0  6777
  30  111    0  6697
  68   86    0  6617
   5   28    0  6537
  21   90    0  6456
  54   74    0  6375
   7  107    0  6294
  30   60    0  6213
  71  112    0  6132
   1   56    0  6051
  53   74    0  5970
  61  109    0  5889
  30   59    0  5808
  76   97    0  5727
  74   80    0  5647
 100  112    0  5566
  15   57    0  5486
  49   99    0  5405
  23   53    0  5325
  68   97    0  5246
   7   15    0  5166
  53   70    0  5087
   9   46    0  5008
  47  102    0  4930
   9   70    0  4851
  12   55    0  4774
  55  111    0  4696
   4  102    0  4619
  56  109    0  4543
  13   38    0  4467
  23   39    0  4391
  46   60    0  4316
   4    9    0  4242
   7   27    0  4168
   9   89    0  4094
