86 93    0  10000
85 94    0  10000
84 95    0  10000
83 97    0  10000
82 98    0  10000
8 105    0  10000
7 106    0  10000
68 76    0  10000
67 77    0  10000
66 78    0  10000
65 79    0  10000
64 80    0  10000
6 107    0  10000
52 57    0  10000
51 58    0  10000
5 108    0  10000
50 59    0  10000
49 60    0  10000
48 61    0  10000
4 109    0  10000
36 43    0  10000
35 44    0  10000
34 45    0  10000
33 46    0  10000
3 110    0  10000
2 111    0  10000
17 25    0  10000
16 26    0  10000
15 27    0  10000
12 30    0  10000
11 31    0  10000
1 112    0  10000
