    7     6   1.000000 0.000000 0.000000  A -3.238291
    9     8   1.000000 0.135613 -0.000000  A -0.703335
   10     5   1.000000 0.153993 0.000000  A -1.409108
   11     4   1.000000 0.162724 0.000128  A -2.064464
   12     3   1.000000 0.135613 -0.000000  A -2.412220
   13     2   1.000000 0.135613 -0.000000  A -1.779413
   16    15   1.000000 0.153993 0.000000  A -2.415972
   17    14   1.000000 -0.149294 0.000011  A -1.577445
   17    15   1.000000 -0.156352 0.000000  P 0.000000
   21     1   1.000000 -0.156352 0.000000  A -1.577063
   23    22   1.000000 0.171459 0.000000  A -2.785889
   26    25   1.000000 0.171459 0.000000  A -2.161443
   27    24   1.000000 -0.149294 0.000011  A -0.703441
