2 127   0  10000
3 126   0  10000
4 125   0  10000
5 124   0  10000
6 123   0  10000
9 119   0  10000
13 115   0  10000
14 114   0  10000
15 113   0  10000
16 112   0  10000
17 111   0  10000
18 57   0  10000
20 55   0  10000
24 51   0  10000
25 50   0  10000
26 49   0  10000
27 48   0  10000
30 45   0  10000
31 44   0  10000
32 43   0  10000
33 42   0  10000
34 41   0  10000
35 40   0  10000
64 110   0  10000
66 109   0  10000
67 108   0  10000
68 107   0  10000
69 106   0  10000
70 105   0  10000
76 101   0  10000
77 100   0  10000
78 99   0  10000
79 98   0  10000
84 93   0  10000
85 92   0  10000
86 91   0  10000
