  57  324  0 8  0.99997
 163  174  0 8  0.99988
 185  190  0 8  0.99974
  56  325  0 8  0.99954
  70  214  0 8  0.99928
  59  219  0 8  0.99896
  60  218  0 8  0.99859
 225  269  0 8  0.99816
 160  178  0 8  0.99767
 224  270  0 8  0.99712
  75   85  0 8  0.99652
  72  212  0 8  0.99586
 226  268  0 8  0.99514
  77   83  0 8  0.99437
 183  194  0 8  0.99354
 221  272  0 8  0.99265
  11  334  0 8  0.99171
  69  215  0 8  0.99071
 108  208  0 8  0.98965
 110  204  0 8  0.98854
 164  174  0 8  0.98737
 165  173  0 8  0.98615
  71  213  0 8  0.98487
  74   86  0 8  0.98354
  76   84  0 8  0.98215
  16  309  0 8  0.98071
 184  193  0 8  0.97921
   5  340  0 8  0.97766
  15  309  0 8  0.97606
 111  203  0 8  0.97440
   8  337  0 8  0.97269
  21   44  0 8  0.97092
  58  324  0 8  0.96910
  68  216  0 8  0.96723
   7  338  0 8  0.96531
  68  215  0 8  0.96334
  14  311  0 8  0.96132
   6  339  0 8  0.95924
  57  325  0 8  0.95711
 113  157  0 8  0.95494
  14  310  0 8  0.95271
  16  308  0 8  0.95043
  17  307  0 8  0.94811
  77   86  0 8  0.94574
 111  119  0 8  0.94331
  17  308  0 8  0.94084
   7  337  0 8  0.93832
 270  324  0 8  0.93576
   1  344  0 8  0.93315
 182  195  0 8  0.93049
 305  311  0 8  0.92778
 306  311  0 8  0.92503
 182  197  0 8  0.92224
   9  336  0 8  0.91940
 117  123  0 8  0.91652
 337  342  0 8  0.91359
   1  343  0 8  0.91062
  10  334  0 8  0.90761
   3   10  0 8  0.90455
  50  330  0 8  0.90145
 237  259  0 8  0.89832
   2  343  0 8  0.89514
 117  159  0 8  0.89192
   6  338  0 8  0.88866
  79   86  0 8  0.88536
   3  342  0 8  0.88203
   4   10  0 8  0.87865
  61  218  0 8  0.87524
 183  195  0 8  0.87179
 227  267  0 8  0.86831
  61   67  0 8  0.86479
   2   10  0 8  0.86123
 164  173  0 8  0.85764
 182  194  0 8  0.85401
   4  340  0 8  0.85035
   4  341  0 8  0.84666
  22   42  0 8  0.84294
  57  273  0 8  0.83918
 267  273  0 8  0.83539
   7  336  0 8  0.83157
 173  179  0 8  0.82772
  66  248  0 8  0.82384
 123  159  0 8  0.81993
  23   42  0 8  0.81600
 119  159  0 8  0.81203
  76   85  0 8  0.80804
  12  219  0 8  0.80402
  91  213  0 8  0.79998
 181  324  0 8  0.79591
  74  188  0 8  0.79181
  90  175  0 8  0.78769
  11   19  0 8  0.78355
 233  285  0 8  0.77938
 140  269  0 8  0.77520
 261  316  0 8  0.77098
  45   50  0 8  0.76675
 104  183  0 8  0.76250
  75   88  0 8  0.75823
  59   70  0 8  0.75393
  23  343  0 8  0.74962
  56  324  0 8  0.74529
 155  161  0 8  0.74095
  14   20  0 8  0.73658
   9  205  0 8  0.73220
 184  298  0 8  0.72780
 294  333  0 8  0.72339
 211  341  0 8  0.71897
 305  310  0 8  0.71452
  21   43  0 8  0.71007
  13  311  0 8  0.70560
 203  209  0 8  0.70112
 153  170  0 8  0.69663
   8  336  0 8  0.69213
 111  235  0 8  0.68762
 232  304  0 8  0.68309
 154  172  0 8  0.67856
 182  296  0 8  0.67402
 186  193  0 8  0.66947
  55   65  0 8  0.66491
  67  216  0 8  0.66035
  73   79  0 8  0.65578
  62   67  0 8  0.65120
 104  117  0 8  0.64662
  60  238  0 8  0.64204
   2    9  0 8  0.63744
 234  261  0 8  0.63285
 114  178  0 8  0.62825
   3    8  0 8  0.62365
 172  177  0 8  0.61905
 162  173  0 8  0.61445
  11  333  0 8  0.60984
  71  192  0 8  0.60524
 165  174  0 8  0.60063
 226  231  0 8  0.59603
  13   20  0 8  0.59143
  77  183  0 8  0.58683
  77   82  0 8  0.58223
  61  215  0 8  0.57763
 187  192  0 8  0.57304
  87  219  0 8  0.56845
 274  298  0 8  0.56387
  91  194  0 8  0.55929
 299  309  0 8  0.55471
  71   78  0 8  0.55014
  47   53  0 8  0.54558
 104  111  0 8  0.54102
 148  215  0 8  0.53647
 181  198  0 8  0.53193
 168  310  0 8  0.52740
 169  177  0 8  0.52287
 109  114  0 8  0.51836
  58   67  0 8  0.51385
 171  177  0 8  0.50935
 106  114  0 8  0.50487
 121  201  0 8  0.50039
  77   85  0 8  0.49593
  46  251  0 8  0.49147
  88  291  0 8  0.48703
  12   25  0 8  0.48260
  63  291  0 8  0.47819
  15  310  0 8  0.47378
 282  292  0 8  0.46939
  67  212  0 8  0.46502
  89   99  0 8  0.46066
 121  333  0 8  0.45631
 186  269  0 8  0.45198
 126  347  0 8  0.44766
 105  112  0 8  0.44336
 156  172  0 8  0.43908
 224  324  0 8  0.43481
 175  182  0 8  0.43056
  44  182  0 8  0.42632
  48  168  0 8  0.42210
   6   14  0 8  0.41790
  13  312  0 8  0.41372
 221  292  0 8  0.40956
  68  214  0 8  0.40541
  34  297  0 8  0.40128
 270  291  0 8  0.39718
  46  128  0 8  0.39309
  12  312  0 8  0.38902
  73   87  0 8  0.38497
 107  113  0 8  0.38094
  87  162  0 8  0.37694
  54  327  0 8  0.37295
  22  205  0 8  0.36898
  62   68  0 8  0.36504
  68  184  0 8  0.36111
  75   86  0 8  0.35721
   2  342  0 8  0.35333
 123  201  0 8  0.34947
  10  335  0 8  0.34564
  91  112  0 8  0.34182
  49  114  0 8  0.33803
 283  294  0 8  0.33426
  12  180  0 8  0.33052
  81  310  0 8  0.32680
 159  173  0 8  0.32310
 188  193  0 8  0.31942
  61   69  0 8  0.31577
  72   93  0 8  0.31214
  56  145  0 8  0.30854
  11   18  0 8  0.30496
 111  178  0 8  0.30140
   6  112  0 8  0.29787
  26  334  0 8  0.29436
 274  342  0 8  0.29088
  42  342  0 8  0.28742
 238  346  0 8  0.28399
 283  291  0 8  0.28058
 279  295  0 8  0.27720
  66   88  0 8  0.27384
 280  294  0 8  0.27051
 111  160  0 8  0.26720
  48  128  0 8  0.26391
  66  238  0 8  0.26066
 203  211  0 8  0.25742
 330  335  0 8  0.25422
 159  295  0 8  0.25104
 183  193  0 8  0.24788
 102  211  0 8  0.24475
 178  235  0 8  0.24164
  27  237  0 8  0.23857
   1   14  0 8  0.23551
 108  210  0 8  0.23248
 157  210  0 8  0.22948
 179  191  0 8  0.22651
  22  185  0 8  0.22355
  76  187  0 8  0.22063
 224  230  0 8  0.21773
  45  251  0 8  0.21486
   4   11  0 8  0.21201
 178  224  0 8  0.20919
 267  272  0 8  0.20639
  74  310  0 8  0.20362
  18  307  0 8  0.20088
 110  115  0 8  0.19816
  50   55  0 8  0.19546
  46  127  0 8  0.19279
  66  235  0 8  0.19015
  79   85  0 8  0.18753
 319  327  0 8  0.18494
 162  176  0 8  0.18237
 111  205  0 8  0.17983
  45  128  0 8  0.17732
  20   44  0 8  0.17482
 181  261  0 8  0.17236
 303  339  0 8  0.16992
  60   69  0 8  0.16750
 319  330  0 8  0.16511
  14   19  0 8  0.16274
 163  173  0 8  0.16040
  21  304  0 8  0.15808
 172  180  0 8  0.15579
  88  101  0 8  0.15352
 112  157  0 8  0.15128
  86  346  0 8  0.14906
 192  339  0 8  0.14686
 277  297  0 8  0.14469
  97  194  0 8  0.14254
  58   63  0 8  0.14042
 318  323  0 8  0.13832
 246  253  0 8  0.13624
  99  269  0 8  0.13419
  71  164  0 8  0.13216
 225  233  0 8  0.13015
 304  311  0 8  0.12816
  45  127  0 8  0.12620
  49   54  0 8  0.12427
 126  204  0 8  0.12235
  90  324  0 8  0.12046
   3  200  0 8  0.11859
  33  339  0 8  0.11674
  68  239  0 8  0.11491
   5  339  0 8  0.11311
 151  189  0 8  0.11133
  41  192  0 8  0.10957
 111  293  0 8  0.10783
  15  239  0 8  0.10611
 114  174  0 8  0.10442
  83   90  0 8  0.10274
  43   91  0 8  0.10109
 112  342  0 8  0.09946
 117  303  0 8  0.09784
 191  295  0 8  0.09625
  31  294  0 8  0.09468
  12  313  0 8  0.09313
 114  220  0 8  0.09160
 278  296  0 8  0.09009
 193  274  0 8  0.08860
   2   11  0 8  0.08713
 319  331  0 8  0.08568
   5  338  0 8  0.08424
 182  279  0 8  0.08283
  55  110  0 8  0.08144
 301  309  0 8  0.08006
 213  298  0 8  0.07871
 105  214  0 8  0.07737
 219  224  0 8  0.07605
 149  232  0 8  0.07475
