  55  118  0 8  0.99992
  58  116  0 8  0.99969
  42   55  0 8  0.99929
  78   99  0 8  0.99874
  48  127  0 8  0.99803
  19   25  0 8  0.99717
  40   86  0 8  0.99615
   7  100  0 8  0.99497
  28   33  0 8  0.99364
  59   65  0 8  0.99216
  87   97  0 8  0.99052
  18   25  0 8  0.98873
  69   74  0 8  0.98678
   5   85  0 8  0.98469
  70  109  0 8  0.98244
  50  125  0 8  0.98004
  25   32  0 8  0.97750
   8  121  0 8  0.97481
  13   85  0 8  0.97197
 122  127  0 8  0.96899
  88   93  0 8  0.96587
  42   74  0 8  0.96261
  49  126  0 8  0.95920
  77   84  0 8  0.95566
  27   97  0 8  0.95198
 105  122  0 8  0.94816
  43   50  0 8  0.94421
  25   62  0 8  0.94013
  47  127  0 8  0.93592
  77  102  0 8  0.93159
  43   48  0 8  0.92712
  81   91  0 8  0.92254
  59  117  0 8  0.91783
  57   67  0 8  0.91300
  46  126  0 8  0.90805
  26   35  0 8  0.90299
  28  127  0 8  0.89781
  40   94  0 8  0.89252
  42   68  0 8  0.88713
  75   83  0 8  0.88163
  87   95  0 8  0.87602
  68   73  0 8  0.87032
  73  121  0 8  0.86451
 111  117  0 8  0.85861
   3   67  0 8  0.85261
  79   98  0 8  0.84653
  68   90  0 8  0.84035
  55   67  0 8  0.83409
  43   72  0 8  0.82774
   8   72  0 8  0.82131
  78  115  0 8  0.81481
  90   97  0 8  0.80823
   2   15  0 8  0.80157
  67   72  0 8  0.79485
  66   73  0 8  0.78805
  14  102  0 8  0.78120
  87   92  0 8  0.77428
  24   29  0 8  0.76730
  42   67  0 8  0.76026
  66   72  0 8  0.75317
  63   96  0 8  0.74603
  38   57  0 8  0.73884
  43   66  0 8  0.73160
  71   77  0 8  0.72432
   3  111  0 8  0.71700
  46   52  0 8  0.70964
   1   99  0 8  0.70225
  78   86  0 8  0.69483
  94  103  0 8  0.68737
   9   51  0 8  0.67989
  47   61  0 8  0.67238
  87  117  0 8  0.66485
   8   20  0 8  0.65731
 101  122  0 8  0.64974
   5   91  0 8  0.64216
  55  119  0 8  0.63457
  77   95  0 8  0.62697
  52   62  0 8  0.61937
  11   16  0 8  0.61176
  57   69  0 8  0.60415
  66   74  0 8  0.59654
  74   86  0 8  0.58893
   9  102  0 8  0.58133
  56   75  0 8  0.57373
  74  101  0 8  0.56615
  12  122  0 8  0.55858
  46  108  0 8  0.55102
  55  114  0 8  0.54348
  83   93  0 8  0.53596
  70   76  0 8  0.52846
  71  101  0 8  0.52098
   1    6  0 8  0.51352
   8   54  0 8  0.50610
  89   97  0 8  0.49870
  75   96  0 8  0.49133
  67   85  0 8  0.48400
  55   86  0 8  0.47670
  93  108  0 8  0.46944
  46   61  0 8  0.46221
  40   78  0 8  0.45503
  79   85  0 8  0.44788
  16   69  0 8  0.44078
  77   87  0 8  0.43372
  76   83  0 8  0.42671
  62   97  0 8  0.41974
  93  127  0 8  0.41283
  75   90  0 8  0.40596
  34  115  0 8  0.39915
   6   97  0 8  0.39238
  59   67  0 8  0.38568
  43   49  0 8  0.37902
  25   59  0 8  0.37243
 108  127  0 8  0.36589
   4   56  0 8  0.35940
  14  127  0 8  0.35298
   4   42  0 8  0.34662
  16   35  0 8  0.34032
  20   55  0 8  0.33408
  40   61  0 8  0.32790
 104  123  0 8  0.32179
  12   45  0 8  0.31574
  29  127  0 8  0.30976
  40   99  0 8  0.30384
  36  118  0 8  0.29799
  38   43  0 8  0.29220
  18   59  0 8  0.28648
  88   94  0 8  0.28083
  64   86  0 8  0.27525
  68   96  0 8  0.26974
  28   92  0 8  0.26429
  80   92  0 8  0.25891
  43   86  0 8  0.25361
 105  119  0 8  0.24837
  78   88  0 8  0.24320
  39  115  0 8  0.23811
  58   88  0 8  0.23308
  82   92  0 8  0.22812
   2   79  0 8  0.22324
  43  102  0 8  0.21842
