28 72  0 8  0.4
283 291  0 8  0.4
282 292  0 8  0.4
281 293  0 8  0.4
280 294  0 8  0.4
279 295  0 8  0.4
165 210  0 8  0.4
164 211  0 8  0.4
163 212  0 8  0.4
162 213  0 8  0.4
161 214  0 8  0.4
160 215  0 8  0.4
94 100  0 8  0.3
83 93  0 8  0.3
82 110  0 8  0.3
78 199  0 8  0.3
77 200  0 8  0.3
76 200  0 8  0.3
75 201  0 8  0.3
73 87  0 8  0.3
65 133  0 8  0.3
54 143  0 8  0.3
43 54  0 8  0.3
33 63  0 8  0.3
31 69  0 8  0.3
278 296  0 8  0.3
277 297  0 8  0.3
234 257  0 8  0.3
135 140  0 8  0.3
104 127  0 8  0.3
74 202  0 8  0.2
62 216  0 8  0.2
61 135  0 8  0.2
60 136  0 8  0.2
59 137  0 8  0.2
50 228  0 8  0.2
48 52  0 8  0.2
47 53  0 8  0.2
316 327  0 8  0.2
315 328  0 8  0.2
279 294  0 8  0.2
278 295  0 8  0.2
275 298  0 8  0.2
274 299  0 8  0.2
259 266  0 8  0.2
258 267  0 8  0.2
257 268  0 8  0.2
256 269  0 8  0.2
25 45  0 8  0.2
22 99  0 8  0.2
22 91  0 8  0.2
228 266  0 8  0.2
227 267  0 8  0.2
226 268  0 8  0.2
225 269  0 8  0.2
186 193  0 8  0.2
185 194  0 8  0.2
184 195  0 8  0.2
183 196  0 8  0.2
183 194  0 8  0.2
181 198  0 8  0.2
173 199  0 8  0.2
163 175  0 8  0.2
153 214  0 8  0.2
14 323  0 8  0.2
133 142  0 8  0.2
12 325  0 8  0.2
12 311  0 8  0.2
102 129  0 8  0.2
101 130  0 8  0.2
99 179  0 8  0.1
98 180  0 8  0.1
97 181  0 8  0.1
96 182  0 8  0.1
95 183  0 8  0.1
9 335  0 8  0.1
9 328  0 8  0.1
93 101  0 8  0.1
92 97  0 8  0.1
92 102  0 8  0.1
91 98  0 8  0.1
91 103  0 8  0.1
90 99  0 8  0.1
90 108  0 8  0.1
89 109  0 8  0.1
89 100  0 8  0.1
88 110  0 8  0.1
88 101  0 8  0.1
87 111  0 8  0.1
85 91  0 8  0.1
85 107  0 8  0.1
84 92  0 8  0.1
84 108  0 8  0.1
8 336  0 8  0.1
8 335  0 8  0.1
8 329  0 8  0.1
83 109  0 8  0.1
82 94  0 8  0.1
78 82  0 8  0.1
77 83  0 8  0.1
76 84  0 8  0.1
76 201  0 8  0.1
75 85  0 8  0.1
75 202  0 8  0.1
74 86  0 8  0.1
74 203  0 8  0.1
7 337  0 8  0.1
7 336  0 8  0.1
7 330  0 8  0.1
73 204  0 8  0.1
73 203  0 8  0.1
72 88  0 8  0.1
72 205  0 8  0.1
72 126  0 8  0.1
71 89  0 8  0.1
71 206  0 8  0.1
71 127  0 8  0.1
70 209  0 8  0.1
70 128  0 8  0.1
69 210  0 8  0.1
69 129  0 8  0.1
68 90  0 8  0.1
68 211  0 8  0.1
68 208  0 8  0.1
68 130  0 8  0.1
67 91  0 8  0.1
67 212  0 8  0.1
67 209  0 8  0.1
67 131  0 8  0.1
66 92  0 8  0.1
66 210  0 8  0.1
66 132  0 8  0.1
65 214  0 8  0.1
65 211  0 8  0.1
6 338  0 8  0.1
6 337  0 8  0.1
6 331  0 8  0.1
63 215  0 8  0.1
61 217  0 8  0.1
60 218  0 8  0.1
59 219  0 8  0.1
58 220  0 8  0.1
58 138  0 8  0.1
57 221  0 8  0.1
57 139  0 8  0.1
56 140  0 8  0.1
55 142  0 8  0.1
54 224  0 8  0.1
5 339  0 8  0.1
5 338  0 8  0.1
53 225  0 8  0.1
53 144  0 8  0.1
52 145  0 8  0.1
51 227  0 8  0.1
46 54  0 8  0.1
45 52  0 8  0.1
44 53  0 8  0.1
4 340  0 8  0.1
4 339  0 8  0.1
41 56  0 8  0.1
40 57  0 8  0.1
39 58  0 8  0.1
37 59  0 8  0.1
36 60  0 8  0.1
35 65  0 8  0.1
35 61  0 8  0.1
34 66  0 8  0.1
34 62  0 8  0.1
33 67  0 8  0.1
3 341  0 8  0.1
3 340  0 8  0.1
32 68  0 8  0.1
317 326  0 8  0.1
314 329  0 8  0.1
311 316  0 8  0.1
310 317  0 8  0.1
309 318  0 8  0.1
307 319  0 8  0.1
30 70  0 8  0.1
306 320  0 8  0.1
304 312  0 8  0.1
30 34  0 8  0.1
303 313  0 8  0.1
302 314  0 8  0.1
301 315  0 8  0.1
300 316  0 8  0.1
29 71  0 8  0.1
29 35  0 8  0.1
29 34  0 8  0.1
28 93  0 8  0.1
284 289  0 8  0.1
28 36  0 8  0.1
28 35  0 8  0.1
283 290  0 8  0.1
282 291  0 8  0.1
281 292  0 8  0.1
280 293  0 8  0.1
27 94  0 8  0.1
277 296  0 8  0.1
275 297  0 8  0.1
274 300  0 8  0.1
274 298  0 8  0.1
27 37  0 8  0.1
27 36  0 8  0.1
273 301  0 8  0.1
273 300  0 8  0.1
273 299  0 8  0.1
272 302  0 8  0.1
272 300  0 8  0.1
26 95  0 8  0.1
26 38  0 8  0.1
26 37  0 8  0.1
26 31  0 8  0.1
25 96  0 8  0.1
255 270  0 8  0.1
254 271  0 8  0.1
25 38  0 8  0.1
253 272  0 8  0.1
25 32  0 8  0.1
252 262  0 8  0.1
251 263  0 8  0.1
250 264  0 8  0.1
24 97  0 8  0.1
249 265  0 8  0.1
24 89  0 8  0.1
247 267  0 8  0.1
246 268  0 8  0.1
245 269  0 8  0.1
24 46  0 8  0.1
24 40  0 8  0.1
24 33  0 8  0.1
243 271  0 8  0.1
242 272  0 8  0.1
242 251  0 8  0.1
242 249  0 8  0.1
242 247  0 8  0.1
241 273  0 8  0.1
241 252  0 8  0.1
241 248  0 8  0.1
240 274  0 8  0.1
240 253  0 8  0.1
240 251  0 8  0.1
240 249  0 8  0.1
23 98  0 8  0.1
239 254  0 8  0.1
239 252  0 8  0.1
238 253  0 8  0.1
238 251  0 8  0.1
237 257  0 8  0.1
237 252  0 8  0.1
236 258  0 8  0.1
235 259  0 8  0.1
235 256  0 8  0.1
23 47  0 8  0.1
234 260  0 8  0.1
2 342  0 8  0.1
23 41  0 8  0.1
2 341  0 8  0.1
23 34  0 8  0.1
233 261  0 8  0.1
233 258  0 8  0.1
232 259  0 8  0.1
231 263  0 8  0.1
231 260  0 8  0.1
230 261  0 8  0.1
229 265  0 8  0.1
224 270  0 8  0.1
22 42  0 8  0.1
22 216  0 8  0.1
219 225  0 8  0.1
21 92  0 8  0.1
218 226  0 8  0.1
217 227  0 8  0.1
217 226  0 8  0.1
216 227  0 8  0.1
215 228  0 8  0.1
21 43  0 8  0.1
214 229  0 8  0.1
21 36  0 8  0.1
21 217  0 8  0.1
21 152  0 8  0.1
20 93  0 8  0.1
20 44  0 8  0.1
204 209  0 8  0.1
20 37  0 8  0.1
203 210  0 8  0.1
202 211  0 8  0.1
20 218  0 8  0.1
20 153  0 8  0.1
19 94  0 8  0.1
195 199  0 8  0.1
194 200  0 8  0.1
19 326  0 8  0.1
193 202  0 8  0.1
19 306  0 8  0.1
192 203  0 8  0.1
19 219  0 8  0.1
19 154  0 8  0.1
191 204  0 8  0.1
190 205  0 8  0.1
188 208  0 8  0.1
188 192  0 8  0.1
187 209  0 8  0.1
187 193  0 8  0.1
187 192  0 8  0.1
186 210  0 8  0.1
186 194  0 8  0.1
186 191  0 8  0.1
185 211  0 8  0.1
185 195  0 8  0.1
185 192  0 8  0.1
184 212  0 8  0.1
184 196  0 8  0.1
184 193  0 8  0.1
18 327  0 8  0.1
18 307  0 8  0.1
18 220  0 8  0.1
182 197  0 8  0.1
182 195  0 8  0.1
18 155  0 8  0.1
181 196  0 8  0.1
180 197  0 8  0.1
174 198  0 8  0.1
17 328  0 8  0.1
17 308  0 8  0.1
17 221  0 8  0.1
172 200  0 8  0.1
17 156  0 8  0.1
171 201  0 8  0.1
170 202  0 8  0.1
167 208  0 8  0.1
166 209  0 8  0.1
165 173  0 8  0.1
164 174  0 8  0.1
16 329  0 8  0.1
16 309  0 8  0.1
16 307  0 8  0.1
162 176  0 8  0.1
161 177  0 8  0.1
160 178  0 8  0.1
155 212  0 8  0.1
154 213  0 8  0.1
15 330  0 8  0.1
15 310  0 8  0.1
15 308  0 8  0.1
152 215  0 8  0.1
151 216  0 8  0.1
145 238  0 8  0.1
144 239  0 8  0.1
143 240  0 8  0.1
14 311  0 8  0.1
14 309  0 8  0.1
142 241  0 8  0.1
141 242  0 8  0.1
140 245  0 8  0.1
139 246  0 8  0.1
138 247  0 8  0.1
137 248  0 8  0.1
136 249  0 8  0.1
135 250  0 8  0.1
1 343  0 8  0.1
134 251  0 8  0.1
1 342  0 8  0.1
134 141  0 8  0.1
133 252  0 8  0.1
13 324  0 8  0.1
133 147  0 8  0.1
13 312  0 8  0.1
13 310  0 8  0.1
132 148  0 8  0.1
132 143  0 8  0.1
131 144  0 8  0.1
130 151  0 8  0.1
130 145  0 8  0.1
129 152  0 8  0.1
129 146  0 8  0.1
129 143  0 8  0.1
128 153  0 8  0.1
128 147  0 8  0.1
128 144  0 8  0.1
127 154  0 8  0.1
127 148  0 8  0.1
127 145  0 8  0.1
126 155  0 8  0.1
126 152  0 8  0.1
126 146  0 8  0.1
125 153  0 8  0.1
125 147  0 8  0.1
124 154  0 8  0.1
124 148  0 8  0.1
12 313  0 8  0.1
11 333  0 8  0.1
11 326  0 8  0.1
11 312  0 8  0.1
10 334  0 8  0.1
10 327  0 8  0.1
10 313  0 8  0.1
103 128  0 8  0.1
102 110  0 8  0.1
101 111  0 8  0.1
100 131  0 8  0.1
