1 343
2 342
3 341
4 340
5 339
6 338
7 337
8 336
9 335
10 334
11 333
12 313
13 312
14 311
15 310
16 309
17 308
18 307
19 306
20 44
21 43
22 42
23 41
24 40
25 38
26 37
27 36
28 35
29 34
46 54
47 53
48 52
58 220
59 219
60 218
61 217
62 216
63 215
65 214
67 212
68 211
69 210
70 209
71 206
72 205
73 204
74 203
75 202
76 201
77 200
78 199
82 110
83 109
84 108
85 107
88 101
89 100
90 99
91 98
92 97
124 154
125 153
126 152
127 148
128 147
129 146
130 145
131 144
132 143
133 142
134 141
135 140
160 178
161 177
162 176
163 175
164 174
165 173
181 198
182 197
183 196
184 195
185 194
186 193
187 192
224 270
225 269
226 268
227 267
228 266
229 265
231 263
233 261
234 260
235 259
236 258
237 257
239 254
240 253
241 252
242 251
273 300
274 299
275 298
277 296
278 295
279 294
280 293
281 292
282 291
283 290
284 289
316 327
317 326
1 342
2 341
3 340
4 339
5 338
6 337
7 336
8 335
10 313
11 312
12 311
13 310
14 309
15 308
16 307
17 221
18 220
19 219
20 218
21 217
22 216
23 47
24 46
25 45
26 38
27 37
28 36
29 35
30 34
52 145
53 144
54 143
55 142
56 140
57 139
58 138
59 137
60 136
61 135
65 133
66 132
67 131
68 130
69 129
70 128
71 127
72 126
74 86
75 85
76 84
77 83
78 82
87 111
88 110
89 109
90 108
91 103
92 102
93 101
94 100
160 215
161 214
162 213
163 212
164 211
165 210
166 209
167 208
170 202
171 201
172 200
173 199
174 198
180 197
181 196
183 194
184 193
185 192
186 191
224 270
225 269
226 268
227 267
228 266
229 265
230 261
231 260
232 259
233 258
234 257
235 256
238 253
239 252
240 251
242 249
272 302
273 301
274 300
277 297
278 296
279 294
280 293
281 292
282 291
283 290
284 289
314 329
315 328
316 327
6 331
7 330
8 329
9 328
10 327
11 326
12 325
13 324
14 323
17 156
18 155
19 154
20 153
21 152
22 99
23 98
24 97
25 96
26 95
27 94
28 93
33 63
34 62
35 61
36 60
37 59
39 58
40 57
41 56
43 54
44 53
45 52
66 92
67 91
68 90
71 89
72 88
73 87
74 86
75 85
76 84
77 83
78 82
101 111
102 110
124 148
125 147
126 146
127 145
128 144
129 143
160 178
161 177
162 176
163 175
164 174
165 173
184 212
185 211
186 210
187 209
188 208
190 205
191 204
192 203
193 202
194 200
195 199
214 229
215 228
216 227
217 226
237 252
238 251
240 249
241 248
242 247
254 271
255 270
256 269
257 268
258 267
259 266
272 300
273 299
274 298
275 297
277 296
278 295
279 294
280 293
281 292
282 291
283 290
284 289
306 320
307 319
309 318
310 317
311 316
1 343
2 342
3 341
4 340
5 339
6 338
7 337
8 336
9 335
10 334
11 333
15 330
16 329
17 328
18 327
19 326
20 37
21 36
23 34
24 33
25 32
26 31
50 228
51 227
53 225
54 224
57 221
58 220
59 219
60 218
61 217
65 211
66 210
67 209
68 208
73 203
74 202
75 201
76 200
82 94
83 93
84 92
85 91
95 183
96 182
97 181
98 180
99 179
101 111
102 110
126 155
127 154
128 153
129 152
130 151
132 148
133 147
160 178
161 177
162 176
163 175
164 174
165 173
184 196
185 195
186 194
187 193
188 192
240 274
241 273
242 272
243 271
245 269
246 268
247 267
249 265
250 264
251 263
252 262
277 297
278 296
279 295
280 294
281 293
282 292
283 291
300 316
301 315
302 314
303 313
304 312
1 343
2 342
3 341
4 340
5 339
6 338
7 337
8 336
9 335
10 334
12 313
13 312
14 311
15 310
16 309
17 308
18 307
19 94
20 93
21 92
22 91
24 89
28 72
29 71
30 70
31 69
32 68
33 67
34 66
35 65
46 54
47 53
48 52
73 87
74 86
75 85
76 84
77 83
78 82
100 131
101 130
102 129
103 128
104 127
133 252
134 251
135 250
136 249
137 248
138 247
139 246
140 245
141 242
142 241
143 240
144 239
145 238
151 216
152 215
153 214
154 213
155 212
160 178
161 177
162 176
163 175
164 174
165 173
181 196
182 195
183 194
184 193
185 192
186 191
202 211
203 210
204 209
217 227
218 226
219 225
253 272
254 271
255 270
256 269
257 268
258 267
274 298
275 297
277 296
278 295
279 294
280 293
281 292
282 291
283 290
284 289
314 329
315 328
316 327
