  60   77  0 8  0.99994
  46  111  0 8  0.99976
 155  161  0 8  0.99945
  62   77  0 8  0.99902
  51  115  0 8  0.99848
  79  133  0 8  0.99781
  75  130  0 8  0.99702
  96  103  0 8  0.99611
   7   17  0 8  0.99507
  14   24  0 8  0.99392
  38   68  0 8  0.99265
  92  101  0 8  0.99126
  62  137  0 8  0.98975
  82  126  0 8  0.98812
 113  125  0 8  0.98637
  44  124  0 8  0.98451
  13   33  0 8  0.98253
  99  153  0 8  0.98044
 109  142  0 8  0.97823
  22   27  0 8  0.97590
  59   69  0 8  0.97347
  86  109  0 8  0.97092
  73  118  0 8  0.96826
  53   58  0 8  0.96549
  24  126  0 8  0.96261
  14   86  0 8  0.95962
  60  107  0 8  0.95652
  80   85  0 8  0.95332
  23   80  0 8  0.95001
  14  126  0 8  0.94660
  40   46  0 8  0.94309
  74  133  0 8  0.93947
   9   16  0 8  0.93575
  14   89  0 8  0.93194
  21  145  0 8  0.92803
 152  160  0 8  0.92402
  56  148  0 8  0.91991
 100  119  0 8  0.91572
  87   92  0 8  0.91143
  82  100  0 8  0.90705
  69  137  0 8  0.90258
  65   88  0 8  0.89802
  74   79  0 8  0.89338
  39  140  0 8  0.88865
   9   14  0 8  0.88384
  20   85  0 8  0.87895
  51  151  0 8  0.87398
 150  161  0 8  0.86893
  37   60  0 8  0.86381
 150  155  0 8  0.85861
  11   16  0 8  0.85334
 101  154  0 8  0.84800
  46  142  0 8  0.84259
  37   61  0 8  0.83711
  40   87  0 8  0.83156
  11   75  0 8  0.82595
  67   96  0 8  0.82028
 156  162  0 8  0.81455
  56  149  0 8  0.80876
 107  146  0 8  0.80291
  25  164  0 8  0.79701
  42  155  0 8  0.79105
  89  108  0 8  0.78505
 158  163  0 8  0.77899
  63  162  0 8  0.77289
 149  155  0 8  0.76674
 140  158  0 8  0.76055
  52  128  0 8  0.75431
  61   74  0 8  0.74804
  33  148  0 8  0.74172
 145  158  0 8  0.73537
  91  134  0 8  0.72899
 126  142  0 8  0.72257
   6  122  0 8  0.71612
 101  124  0 8  0.70965
  33  126  0 8  0.70314
  53   96  0 8  0.69661
  35  148  0 8  0.69006
  93   99  0 8  0.68349
  33   66  0 8  0.67689
  37  145  0 8  0.67028
  36  138  0 8  0.66365
  43  109  0 8  0.65701
  43  115  0 8  0.65035
  24  142  0 8  0.64368
   2   26  0 8  0.63701
  54   76  0 8  0.63032
  45  130  0 8  0.62363
 146  164  0 8  0.61694
  25  110  0 8  0.61024
  10   21  0 8  0.60354
  76  117  0 8  0.59685
  30   92  0 8  0.59015
  89  129  0 8  0.58346
 135  151  0 8  0.57677
 135  160  0 8  0.57010
 117  140  0 8  0.56343
 109  117  0 8  0.55677
  18   23  0 8  0.55012
 109  126  0 8  0.54348
  92  128  0 8  0.53686
  31   62  0 8  0.53026
  73  136  0 8  0.52367
  75   80  0 8  0.51710
  58   74  0 8  0.51056
   2   16  0 8  0.50403
  25   31  0 8  0.49752
 100  126  0 8  0.49104
 146  153  0 8  0.48459
 141  164  0 8  0.47816
  93  150  0 8  0.47176
  68  135  0 8  0.46539
 148  156  0 8  0.45905
  53  160  0 8  0.45274
  22   44  0 8  0.44646
  98  149  0 8  0.44022
  16   58  0 8  0.43401
  36  104  0 8  0.42783
  81  141  0 8  0.42169
  26  164  0 8  0.41559
  46  109  0 8  0.40953
  33   53  0 8  0.40351
  34   64  0 8  0.39752
  49  149  0 8  0.39158
   1  121  0 8  0.38568
  14  142  0 8  0.37982
 104  156  0 8  0.37401
  57  109  0 8  0.36824
  52   65  0 8  0.36251
  20   32  0 8  0.35683
  53  108  0 8  0.35120
  39  102  0 8  0.34561
   2   52  0 8  0.34007
  28  119  0 8  0.33458
  25   67  0 8  0.32914
  45   50  0 8  0.32374
  75  117  0 8  0.31840
  92  151  0 8  0.31310
  60  157  0 8  0.30786
  22  138  0 8  0.30267
 147  158  0 8  0.29753
 100  115  0 8  0.29244
  33  139  0 8  0.28740
   5  118  0 8  0.28241
  35   61  0 8  0.27748
  24   86  0 8  0.27260
  39   95  0 8  0.26777
  46   86  0 8  0.26300
  24   82  0 8  0.25828
 111  126  0 8  0.25361
  20   64  0 8  0.24900
   4   81  0 8  0.24444
  62  110  0 8  0.23994
 113  118  0 8  0.23549
  22   35  0 8  0.23109
  42   50  0 8  0.22675
  89  126  0 8  0.22246
  56  122  0 8  0.21823
  77  119  0 8  0.21405
  86  111  0 8  0.20993
 139  161  0 8  0.20586
  82  111  0 8  0.20185
  15   37  0 8  0.19789
  68   82  0 8  0.19398
  51  138  0 8  0.19013
  53   67  0 8  0.18633
  23  144  0 8  0.18258
  33  116  0 8  0.17889
 129  135  0 8  0.17525
  10   23  0 8  0.17167
  17   51  0 8  0.16814
  27   95  0 8  0.16466
  30  155  0 8  0.16123
  43  159  0 8  0.15785
  26   33  0 8  0.15453
   4   38  0 8  0.15126
 108  146  0 8  0.14804
 142  160  0 8  0.14487
  54   82  0 8  0.14175
  14   46  0 8  0.13868
  26  124  0 8  0.13566
  22   77  0 8  0.13269
  22   32  0 8  0.12977
  89  141  0 8  0.12690
  85   97  0 8  0.12407
 122  135  0 8  0.12130
  64   90  0 8  0.11857
   7   63  0 8  0.11589
  33  154  0 8  0.11326
 146  161  0 8  0.11067
  70   92  0 8  0.10813
  20  120  0 8  0.10563
