  34   59  0 8  0.99994
  35   58  0 8  0.99977
  32   61  0 8  0.99948
  31   62  0 8  0.99908
  33   60  0 8  0.99856
  89  105  0 8  0.99793
  90  104  0 8  0.99719
  91  103  0 8  0.99633
  88  106  0 8  0.99536
  87  107  0 8  0.99427
 146  157  0 8  0.99307
  92  102  0 8  0.99176
  36   57  0 8  0.99033
  86  108  0 8  0.98880
  22   70  0 8  0.98715
 121  133  0 8  0.98540
 147  156  0 8  0.98353
 118  136  0 8  0.98155
 119  135  0 8  0.97947
  18   74  0 8  0.97727
  17   75  0 8  0.97497
 120  134  0 8  0.97257
 145  158  0 8  0.97006
  84  111  0 8  0.96744
 122  132  0 8  0.96472
 117  137  0 8  0.96189
 123  131  0 8  0.95897
  85  109  0 8  0.95594
  16   76  0 8  0.95282
  83  112  0 8  0.94959
  19   73  0 8  0.94627
 148  155  0 8  0.94285
  30   63  0 8  0.93933
 124  130  0 8  0.93572
 144  159  0 8  0.93202
  93  101  0 8  0.92822
  20   72  0 8  0.92434
   6  169  0 8  0.92036
  21   71  0 8  0.91630
   7  168  0 8  0.91215
 116  138  0 8  0.90791
 149  154  0 8  0.90359
   5  170  0 8  0.89919
  29   64  0 8  0.89470
  37   56  0 8  0.89014
  44   97  0 8  0.88549
  43   98  0 8  0.88077
 125  130  0 8  0.87598
  82  113  0 8  0.87111
  45   96  0 8  0.86617
  40   47  0 8  0.86115
 120  135  0 8  0.85607
  42   99  0 8  0.85092
 121  134  0 8  0.84570
 124  131  0 8  0.84042
 120  133  0 8  0.83508
  43   97  0 8  0.82967
  85  111  0 8  0.82421
  24   67  0 8  0.81868
 143  160  0 8  0.81310
 116  139  0 8  0.80747
  20   71  0 8  0.80178
  46   94  0 8  0.79604
   4  171  0 8  0.79025
  46   95  0 8  0.78442
  38   55  0 8  0.77853
  38   54  0 8  0.77260
 115  139  0 8  0.76663
  24   68  0 8  0.76062
  44   98  0 8  0.75457
  38   56  0 8  0.74848
 116  162  0 8  0.74235
  45   95  0 8  0.73619
  36   56  0 8  0.73000
  28   65  0 8  0.72377
 119  134  0 8  0.71752
  39   54  0 8  0.71124
  40   48  0 8  0.70493
  39   55  0 8  0.69860
   8  167  0 8  0.69224
  26   66  0 8  0.68587
  44   96  0 8  0.67947
  94  100  0 8  0.67306
  42   48  0 8  0.66663
  53  128  0 8  0.66019
  46   97  0 8  0.65373
 141  162  0 8  0.64726
  41   48  0 8  0.64079
  19   72  0 8  0.63430
  41   47  0 8  0.62781
  41   99  0 8  0.62131
 130  170  0 8  0.61481
  28   64  0 8  0.60831
   2  172  0 8  0.60181
  26   67  0 8  0.59531
  13   51  0 8  0.58881
 118  162  0 8  0.58231
  38  150  0 8  0.57582
  45   97  0 8  0.56934
   3   71  0 8  0.56287
  51  153  0 8  0.55640
  20   73  0 8  0.54995
   5  169  0 8  0.54351
  39   44  0 8  0.53708
  67  129  0 8  0.53067
  21   73  0 8  0.52427
  74  165  0 8  0.51789
 149  173  0 8  0.51153
  40   45  0 8  0.50519
  49  152  0 8  0.49887
  22   71  0 8  0.49258
   2   17  0 8  0.48630
  20   25  0 8  0.48006
  42   49  0 8  0.47383
  38  117  0 8  0.46764
  22   69  0 8  0.46147
   3  171  0 8  0.45533
   5   20  0 8  0.44923
  42   98  0 8  0.44315
  44   50  0 8  0.43710
  46   63  0 8  0.43109
  24  170  0 8  0.42511
  84  108  0 8  0.41917
   1    6  0 8  0.41326
   1  172  0 8  0.40739
   5   97  0 8  0.40155
  41   46  0 8  0.39576
  13   21  0 8  0.39000
   5  162  0 8  0.38428
  46   96  0 8  0.37860
   8  168  0 8  0.37297
  38   53  0 8  0.36737
 137  142  0 8  0.36182
 142  160  0 8  0.35631
  27   65  0 8  0.35084
 113  168  0 8  0.34542
  65  144  0 8  0.34004
  96  164  0 8  0.33471
 155  171  0 8  0.32943
  21   38  0 8  0.32419
  65  159  0 8  0.31899
   7  169  0 8  0.31385
   3  116  0 8  0.30875
  24  112  0 8  0.30370
  50   55  0 8  0.29869
   2   45  0 8  0.29374
  13   75  0 8  0.28884
   6  151  0 8  0.28398
  25   64  0 8  0.27917
 111  136  0 8  0.27442
  31   60  0 8  0.26971
  52  100  0 8  0.26506
 120  136  0 8  0.26045
  25   63  0 8  0.25589
 117  136  0 8  0.25139
 122  129  0 8  0.24694
  71   87  0 8  0.24254
   1  154  0 8  0.23818
  48   98  0 8  0.23388
  13   70  0 8  0.22963
 101  150  0 8  0.22544
  49  159  0 8  0.22129
  82  168  0 8  0.21720
 156  164  0 8  0.21315
  96  174  0 8  0.20916
 119  133  0 8  0.20522
 128  148  0 8  0.20133
  17  152  0 8  0.19749
 141  160  0 8  0.19370
  91   99  0 8  0.18996
  37   94  0 8  0.18628
   5  172  0 8  0.18264
   6  145  0 8  0.17906
  52  174  0 8  0.17552
  58  148  0 8  0.17203
  22   72  0 8  0.16860
   6   84  0 8  0.16521
  60  108  0 8  0.16188
   3   45  0 8  0.15859
  43   56  0 8  0.15535
  93  149  0 8  0.15216
  61  150  0 8  0.14902
  75  169  0 8  0.14593
  24  129  0 8  0.14288
 106  174  0 8  0.13988
  29   49  0 8  0.13693
   3  174  0 8  0.13403
  40   84  0 8  0.13117
  36   59  0 8  0.12836
   3  128  0 8  0.12559
  42  100  0 8  0.12287
  45   54  0 8  0.12020
   2  174  0 8  0.11757
 153  173  0 8  0.11498
  59  102  0 8  0.11244
  24   69  0 8  0.10994
  36   44  0 8  0.10749
 149  164  0 8  0.10507
  90  103  0 8  0.10270
   6   21  0 8  0.10037
 100  137  0 8  0.09809
  49   75  0 8  0.09584
 118  134  0 8  0.09364
  35  139  0 8  0.09147
   5  168  0 8  0.08935
  91  162  0 8  0.08726
  56  161  0 8  0.08521
 117  123  0 8  0.08321
  47  130  0 8  0.08124
  67  170  0 8  0.07930
  16   43  0 8  0.07741
  45   92  0 8  0.07555
  37   93  0 8  0.07372
  20   30  0 8  0.07194
  51  136  0 8  0.07019
  63  121  0 8  0.06847
   1  173  0 8  0.06679
  68  129  0 8  0.06514
  45   55  0 8  0.06352
 124  170  0 8  0.06194
  50  168  0 8  0.06039
 103  164  0 8  0.05887
 133  173  0 8  0.05738
 125  171  0 8  0.05593
  18   73  0 8  0.05450
  46   99  0 8  0.05311
 128  152  0 8  0.05174
   4  172  0 8  0.05041
  13  151  0 8  0.04910
  84  109  0 8  0.04782
  97  172  0 8  0.04657
  24   85  0 8  0.04535
  33  101  0 8  0.04415
  83  142  0 8  0.04299
  95  154  0 8  0.04184
   6  158  0 8  0.04072
  21   72  0 8  0.03963
  15   77  0 8  0.03857
  99  171  0 8  0.03752
  71  149  0 8  0.03650
