  64   80    0  9999
  65   79    0  9996
  66   78    0  9992
  15   27    0  9985
  42   81    0  9977
  87   96    0  9967
   5  108    0  9956
  34   45    0  9943
   4  109    0  9927
   3  110    0  9911
  67   77    0  9892
  14   28    0  9872
  35   44    0  9850
  51   58    0  9826
  31   84    0  9801
  50   59    0  9774
  16   26    0  9745
   8  105    0  9714
   6  107    0  9682
   2  111    0  9649
   7  106    0  9613
   9  103    0  9577
  13   28    0  9538
  10   47    0  9498
  49   61    0  9457
  33   46    0  9414
  86   97    0  9369
   1  112    0  9323
  68   76    0  9276
  41   82    0  9227
  49   60    0  9177
  30  103    0  9126
  38   74    0  9073
