1 0 
2 87
3 87
4 87
5 87
6 87
7 87
8 87
9 87
10 0
11 0
12 0
13 39
14 39
15 39
16 39
17 39
18 39
19 0
20 0
21 30
22 30
23 30
24 30
25 0
26 0
27 0
28 0
29 22
30 22
31 22
32 22
33 0
34 0
35 0
36 0
37 17
38 17
39 17
40 17
41 17
42 0
43 55
44 55
45 55
46 55
47 55
48 55
49 55
50 55
51 0
52 0
53 0
54 43
55 43
56 43
57 43
58 43
59 43
60 43
61 43
62 0
63 0
64 85
65 85
66 0
67 0
68 0
69 79
70 79
71 79
72 79
73 79
74 79
75 0
76 0
77 0
78 70
79 70
80 70
81 70
82 70
83 70
84 0
85 0
86 0
87 2
88 2
89 2
90 2
91 2
92 2
93 2
94 0
