86 93  0 8  0.1
85 94  0 8  0.1
84 95  0 8  0.1
83 97  0 8  0.1
82 98  0 8  0.1
8 105  0 8  0.1
7 106  0 8  0.1
68 76  0 8  0.1
67 77  0 8  0.1
66 78  0 8  0.1
65 79  0 8  0.1
64 80  0 8  0.1
6 107  0 8  0.1
52 57  0 8  0.1
51 58  0 8  0.1
5 108  0 8  0.1
50 59  0 8  0.1
49 60  0 8  0.1
48 61  0 8  0.1
4 109  0 8  0.1
36 43  0 8  0.1
35 44  0 8  0.1
34 45  0 8  0.1
33 46  0 8  0.1
3 110  0 8  0.1
2 111  0 8  0.1
17 25  0 8  0.1
16 26  0 8  0.1
15 27  0 8  0.1
12 30  0 8  0.1
11 31  0 8  0.1
1 112  0 8  0.1
