3.141592653589793
3.052120093385299
3.015017067627069
2.986517980625455
2.962467838710904
2.941257811266674
2.922063069339864
2.904393786896605
2.887930917514338
2.872452920715240
2.857798544381465
2.843846093514520
2.830501051797832
2.817688277784830
2.805346864997361
2.793426632316832
2.781885654004836
2.770688476069521
2.759804799366303
2.749208488326352
2.738876812009131
2.728789854213460
2.718930048785488
2.709281809107167
2.699831229439734
2.690565841793531
2.681474416207131
2.672546795324708
2.663773756337589
2.655146894954040
2.646658527248897
2.638301606137403
2.630069649895716
2.621956680670789
2.613957171325011
2.606065999275405
2.598278406234645
2.590589962957278
2.582996538251223
2.575494271640465
2.568079549166696
2.560748981900441
2.553499386799988
2.546327769612108
2.539231309554610
2.532207345558998
2.525253363883373
2.518366986932443
2.511545963143953
2.504788157819846
2.498091544796508
2.491454198862157
2.484874288841089
2.478350071274513
2.471879884636268
2.465462144029131
2.459095336313821
2.452778015628325
2.446508799260021
2.440286363837217
2.434109441810450
2.427976818197030
2.421887327565177
2.415839851236551
2.409833314688159
2.403866685136544
2.397938969288879
2.392049211247082
2.386196490552430
2.380379920359322
2.374598645727926
2.368851842026398
2.363138713434175
2.357458491538674
2.351810434018338
2.346193823405649
2.340607965924241
2.335052190394759
2.329525847204574
2.324028307336847
2.318558961454817
2.313117219037530
2.307702507563514
2.302314271739194
2.296951972769076
2.291615087664986
2.286303108591817
2.281015542247478
2.275751909274860
2.270511743703840
2.265294592421452
2.260100014668522
2.254927581561150
2.249776875635576
2.244647490415026
2.239539029997268
2.234451108661680
2.229383350494698
2.224335389032619
2.219306866920776
2.214297435588180
2.209306754936773
2.204334493044503
2.199380325881469
2.194443937038451
2.189525017467147
2.184623265231530
2.179738385269726
2.174870089165888
2.170018094931546
2.165182126795958
2.160361915005017
2.155557195628278
2.150767710373719
2.145993206409851
2.141233436194818
2.136488157312171
2.131757132312976
2.127040128563967
2.122336918101474
2.117647277490840
2.112970987691079
2.108307833924548
2.103657605551394
2.099020095948567
2.094395102393195
2.089782425950128
2.085181871363470
2.080593246951928
2.076016364507804
2.071451039199484
2.066897089477274
2.062354336982436
2.057822606459295
2.053301725670291
2.048791525313848
2.044291838944952
2.039802502898321
2.035323356214065
2.030854240565746
2.026395000190719
2.021945481822690
2.017505534626382
2.013075010134246
2.008653762185122
2.004241646864782
1.999838522448283
1.995444249344059
1.991058690039690
1.986681709049280
1.982313172862384
1.977952949894436
1.973600910438609
1.969256926619061
1.964920872345520
1.960592623269157
1.956272056739689
1.951959051763692
1.947653488964058
1.943355250540568
1.939064220231536
1.934780283276490
1.930503326379853
1.926233237675586
1.921969906692765
1.917713224322058
1.913463082783062
1.909219375592494
1.904981997533175
1.900750844623812
1.896525814089526
1.892306804333117
1.888093714907035
1.883886446486031
1.879684900840471
1.875488980810293
1.871298590279575
1.867113634151703
1.862934018325117
1.858759649669620
1.854590436003224
1.850426286069518
1.846267109515547
1.842112816870180
1.837963319522953
1.833818529703365
1.829678360460630
1.825542725643851
1.821411539882611
1.817284718567972
1.813162177833859
1.809043834538826
1.804929606248185
1.800819411216493
1.796713168370376
1.792610797291690
1.788512218201005
1.784417351941392
1.780326119962517
1.776238444305030
1.772154247585227
1.768073452979990
1.763995984211995
1.759921765535167
1.755850721720388
1.751782778041444
1.747717860261200
1.743655894618005
1.739596807812303
1.735540526993463
1.731486979746806
1.727436094080828
1.723387798414608
1.719342021565404
1.715298692736423
1.711257741504752
1.707219097809464
1.703182691939874
1.699148454523949
1.695116316516861
1.691086209189684
1.687058064118223
1.683031813171976
1.679007388503215
1.674984722536192
1.670963747956456
1.666944397700280
1.662926604944193
1.658910303094615
1.654895425777579
1.650881906828555
1.646869680282350
1.642858680363099
1.638848841474328
1.634840098189090
1.630832385240174
1.626825637510380
1.622819790022846
1.618814777931443
1.614810536511218
1.610807001148885
1.606804107333361
1.602801790646347
1.598799986752943
1.594798631392297
1.590797660368286
1.586797009540218
1.582796614813560
1.578796412130687
1.574796337461639
1.570796326794896
1.566796316128152
1.562796241459105
1.558796038776232
1.554795644049574
1.550794993221505
1.546794022197494
1.542792666836849
1.538790862943445
1.534788546256431
1.530785652440907
1.526782117078573
1.522777875658349
1.518772863566946
1.514767016079412
1.510760268349617
1.506752555400702
1.502743812115464
1.498733973226692
1.494722973307441
1.490710746761237
1.486697227812212
1.482682350495176
1.478666048645598
1.474648255889512
1.470628905633336
1.466607931053600
1.462585265086577
1.458560840417816
1.454534589471568
1.450506444400108
1.446476337072930
1.442444199065842
1.438409961649917
1.434373555780328
1.430334912085040
1.426293960853369
1.422250632024387
1.418204855175184
1.414156559508964
1.410105673842985
1.406052126596328
1.401995845777489
1.397936758971787
1.393874793328591
1.389809875548348
1.385741931869404
1.381670888054624
1.377596669377796
1.373519200609801
1.369438406004565
1.365354209284761
1.361266533627274
1.357175301648400
1.353080435388786
1.348981856298101
1.344879485219416
1.340773242373299
1.336663047341606
1.332548819050966
1.328430475755932
1.324307935021819
1.320181113707180
1.316049927945940
1.311914293129161
1.307774123886427
1.303629334066839
1.299479836719611
1.295325544074245
1.291166367520274
1.287002217586568
1.282833003920171
1.278658635264675
1.274479019438089
1.270294063310216
1.266103672779498
1.261907752749321
1.257706207103761
1.253498938682756
1.249285849256674
1.245066839500265
1.240841808965979
1.236610656056616
1.232373277997297
1.228129570806729
1.223879429267734
1.219622746897026
1.215359415914206
1.211089327209939
1.206812370313302
1.202528433358255
1.198237403049223
1.193939164625733
1.189633601826100
1.185320596850103
1.181000030320635
1.176671781244271
1.172335726970731
1.167991743151182
1.163639703695355
1.159279480727407
1.154910944540512
1.150533963550101
1.146148404245733
1.141754131141509
1.137351006725009
1.132938891404669
1.128517643455545
1.124087118963410
1.119647171767101
1.115197653399072
1.110738413024045
1.106269297375726
1.101790150691471
1.097300814644839
1.092801128275943
1.088290927919500
1.083770047130497
1.079238316607355
1.074695564112517
1.070141614390307
1.065576289081987
1.060999406637863
1.056410782226321
1.051810227639664
1.047197551196596
1.042572557641224
1.037935048038397
1.033284819665243
1.028621665898712
1.023945376098951
1.019255735488317
1.014552525025825
1.009835521276816
1.005104496277620
1.000359217394973
0.995599447179941
0.990824943216072
0.986035457961513
0.981230738584774
0.976410526793833
0.971574558658245
0.966722564423903
0.961854268320065
0.956969388358261
0.952067636122644
0.947148716551340
0.942212327708322
0.937258160545289
0.932285898653018
0.927295218001611
0.922285786669015
0.917257264557172
0.912209303095093
0.907141544928111
0.902053623592523
0.896945163174766
0.891815777954215
0.886665072028641
0.881492638921269
0.876298061168339
0.871080909885951
0.865840744314931
0.860577111342313
0.855289544997974
0.849977565924805
0.844640680820714
0.839278381850597
0.833890146026277
0.828475434552261
0.823033692134974
0.817564346252944
0.812066806385217
0.806540463195032
0.800984687665550
0.795398830184142
0.789782219571453
0.784134162051117
0.778453940155616
0.772740811563393
0.766994007861865
0.761212733230469
0.755396163037360
0.749543442342709
0.743653684300912
0.737725968453247
0.731759338901632
0.725752802353240
0.719705326024614
0.713615835392761
0.707483211779341
0.701306289752574
0.695083854329770
0.688814637961465
0.682497317275970
0.676130509560659
0.669712768953522
0.663242582315278
0.656718364748702
0.650138454727633
0.643501108793282
0.636804495769944
0.630046690445838
0.623225666657348
0.616339289706417
0.609385308030792
0.602361344035180
0.595264883977682
0.588093266789802
0.580843671689349
0.573513104423094
0.566098381949325
0.558596115338567
0.551002690632512
0.543314247355145
0.535526654314385
0.527635482264779
0.519635972919001
0.511523003694074
0.503291047452387
0.494934126340892
0.486445758635750
0.477818897252201
0.469045858265082
0.460118237382658
0.451026811796259
0.441761424150055
0.432310844482622
0.422662604804301
0.412802799376329
0.402715841580658
0.392384165263437
0.381787854223485
0.370904177520268
0.359706999584952
0.348166021272956
0.336245788592428
0.323904375804958
0.311091601791956
0.297746560075268
0.283794109208322
0.269139732874546
0.253661736075449
0.237198866693181
0.219529584249922
0.200334842323111
0.179124814878881
0.155074672964328
0.126575585962711
0.089472560204476
0.000000000000000
