  92  130  0 8  0.99993
   1   22  0 8  0.99972
  91  131  0 8  0.99936
  93  129  0 8  0.99887
  36   64  0 8  0.99823
 105  116  0 8  0.99745
  35   65  0 8  0.99653
  89  133  0 8  0.99547
  90  132  0 8  0.99427
 104  117  0 8  0.99293
   2   21  0 8  0.99146
 106  115  0 8  0.98984
   3   20  0 8  0.98809
  94  128  0 8  0.98620
  37   63  0 8  0.98417
 107  114  0 8  0.98201
 108  113  0 8  0.97971
  69   81  0 8  0.97728
 103  118  0 8  0.97472
  39   61  0 8  0.97203
  70   80  0 8  0.96921
   4   19  0 8  0.96626
  66   84  0 8  0.96318
  38   62  0 8  0.95997
 102  119  0 8  0.95664
   6   17  0 8  0.95319
  71   79  0 8  0.94961
  23  111  0 8  0.94591
  67   83  0 8  0.94210
   5   18  0 8  0.93816
  68   82  0 8  0.93411
  95  127  0 8  0.92995
  26   53  0 8  0.92567
  76  139  0 8  0.92129
  77  138  0 8  0.91679
  96  126  0 8  0.91218
 101  120  0 8  0.90747
  26   50  0 8  0.90266
  78  137  0 8  0.89774
  82  136  0 8  0.89273
  34   91  0 8  0.88761
  97  124  0 8  0.88240
   7   17  0 8  0.87710
  76  138  0 8  0.87170
  97  126  0 8  0.86622
  50   58  0 8  0.86065
  42   59  0 8  0.85499
  69   82  0 8  0.84925
  27   68  0 8  0.84343
  34  131  0 8  0.83752
  35   64  0 8  0.83155
 111  139  0 8  0.82549
  93  132  0 8  0.81937
  26   58  0 8  0.81318
  19  140  0 8  0.80691
  76   85  0 8  0.80059
   7   15  0 8  0.79420
  37   88  0 8  0.78774
  71   80  0 8  0.78123
  96  128  0 8  0.77467
  34   85  0 8  0.76805
 102  120  0 8  0.76138
  23  116  0 8  0.75466
  49  140  0 8  0.74789
  47   90  0 8  0.74108
  27   82  0 8  0.73423
  26   37  0 8  0.72733
  23  139  0 8  0.72040
  50  122  0 8  0.71344
  41   59  0 8  0.70644
  80  103  0 8  0.69941
  42   58  0 8  0.69235
  42   53  0 8  0.68527
  86   92  0 8  0.67816
  58   69  0 8  0.67103
   2  105  0 8  0.66389
  65   85  0 8  0.65672
  23   75  0 8  0.64954
  68   83  0 8  0.64235
   5  140  0 8  0.63515
  91  140  0 8  0.62793
  49   70  0 8  0.62072
  66  110  0 8  0.61350
  61  108  0 8  0.60627
 120  133  0 8  0.59905
   6   16  0 8  0.59183
 104  118  0 8  0.58461
  86  130  0 8  0.57740
  36   65  0 8  0.57020
  53  107  0 8  0.56300
  49   75  0 8  0.55582
  10   16  0 8  0.54866
  25  125  0 8  0.54150
  79  137  0 8  0.53437
  58  135  0 8  0.52726
   2  128  0 8  0.52016
  25  138  0 8  0.51309
  75  139  0 8  0.50604
  82   88  0 8  0.49902
  78  136  0 8  0.49203
 101  117  0 8  0.48506
  12   85  0 8  0.47813
   4   20  0 8  0.47123
  92  136  0 8  0.46436
   6   14  0 8  0.45753
  47   60  0 8  0.45073
 105  115  0 8  0.44398
 131  140  0 8  0.43726
 107  126  0 8  0.43058
  53  114  0 8  0.42394
  90  127  0 8  0.41735
  60   95  0 8  0.41080
  41   78  0 8  0.40430
 130  141  0 8  0.39784
 110  135  0 8  0.39143
  61  113  0 8  0.38507
 106  117  0 8  0.37876
  21   85  0 8  0.37250
  35   85  0 8  0.36629
  18  140  0 8  0.36013
  48   73  0 8  0.35403
  10   49  0 8  0.34798
  96  127  0 8  0.34199
  78  124  0 8  0.33605
   1  139  0 8  0.33017
  50  110  0 8  0.32434
  79  135  0 8  0.31857
  25   84  0 8  0.31286
  46   59  0 8  0.30721
  36  115  0 8  0.30162
  62   82  0 8  0.29609
  40   71  0 8  0.29062
  80  118  0 8  0.28521
  67   81  0 8  0.27986
  41   46  0 8  0.27457
  88  136  0 8  0.26934
 128  141  0 8  0.26418
  12   75  0 8  0.25907
  12  135  0 8  0.25403
   7   49  0 8  0.24906
  78  104  0 8  0.24414
 130  136  0 8  0.23929
  79  101  0 8  0.23450
   4   17  0 8  0.22978
  77  139  0 8  0.22512
   2   20  0 8  0.22052
  77  137  0 8  0.21598
   5   14  0 8  0.21151
  17  141  0 8  0.20710
  34  124  0 8  0.20276
  43   53  0 8  0.19847
  43  100  0 8  0.19426
  26   63  0 8  0.19010
  18   25  0 8  0.18600
  40   62  0 8  0.18197
  15   95  0 8  0.17800
   9   18  0 8  0.17409
  20  111  0 8  0.17025
  62  136  0 8  0.16646
  38   82  0 8  0.16274
  22  118  0 8  0.15908
  88  135  0 8  0.15547
  23  104  0 8  0.15193
 114  134  0 8  0.14845
  21   89  0 8  0.14502
  47   85  0 8  0.14166
  41  141  0 8  0.13835
  76  140  0 8  0.13511
  93  126  0 8  0.13191
  61  126  0 8  0.12878
 101  116  0 8  0.12570
   5  126  0 8  0.12268
  97  134  0 8  0.11972
   3  130  0 8  0.11681
   6   19  0 8  0.11395
  80  106  0 8  0.11115
  42   96  0 8  0.10840
  25   66  0 8  0.10571
  14  111  0 8  0.10306
  92  124  0 8  0.10047
   7   14  0 8  0.09793
 102  113  0 8  0.09544
   5   60  0 8  0.09300
  25   81  0 8  0.09062
   7   12  0 8  0.08827
  86  126  0 8  0.08598
  14  101  0 8  0.08374
  70   83  0 8  0.08154
  88  134  0 8  0.07939
   2  116  0 8  0.07728
  47  125  0 8  0.07522
   4  130  0 8  0.07321
   3   21  0 8  0.07123
  24  112  0 8  0.06931
  38  109  0 8  0.06742
  70  137  0 8  0.06558
 108  136  0 8  0.06377
