99 109  0 8  0.1
98 110  0 8  0.1
97 111  0 8  0.1
96 112  0 8  0.1
95 113  0 8  0.1
94 115  0 8  0.1
93 116  0 8  0.1
92 117  0 8  0.1
64 75  0 8  0.1
63 76  0 8  0.1
62 77  0 8  0.1
61 78  0 8  0.1
60 79  0 8  0.1
58 81  0 8  0.1
57 82  0 8  0.1
56 83  0 8  0.1
54 86  0 8  0.1
52 87  0 8  0.1
51 88  0 8  0.1
50 89  0 8  0.1
49 90  0 8  0.1
48 91  0 8  0.1
47 138  0 8  0.1
46 139  0 8  0.1
45 140  0 8  0.1
44 141  0 8  0.1
43 142  0 8  0.1
42 143  0 8  0.1
41 144  0 8  0.1
40 145  0 8  0.1
39 146  0 8  0.1
38 147  0 8  0.1
36 149  0 8  0.1
35 150  0 8  0.1
34 151  0 8  0.1
33 152  0 8  0.1
31 154  0 8  0.1
21 156  0 8  0.1
20 157  0 8  0.1
19 158  0 8  0.1
18 159  0 8  0.1
17 160  0 8  0.1
16 161  0 8  0.1
15 162  0 8  0.1
14 163  0 8  0.1
13 164  0 8  0.1
123 129  0 8  0.1
122 130  0 8  0.1
121 131  0 8  0.1
120 132  0 8  0.1
119 133  0 8  0.1
118 134  0 8  0.1
101 106  0 8  0.1
100 108  0 8  0.1
