0 0
1 0
2 0
3 0
4 78
5 78
6 78
7 78
8 0
9 0
10 0
11 0
12 0
13 0
14 38
15 38
16 0
17 0
18 0
19 30
20 30
21 30
22 30
23 30
24 30
25 0
26 0
27 0
28 0
29 20
30 20
31 20
32 20
33 20
34 20
35 0
36 0
37 0
38 14
39 14
40 0
41 0
42 0
43 62
44 62
45 62
46 62
47 62
48 62
49 62
50 62
51 62
52 62
53 62
54 62
55 0
56 0
57 51
58 51
59 51
60 51
61 51
62 51
63 51
64 51
65 51
66 0
67 0
68 44
69 44
70 44
71 44
72 44
73 44
74 0
75 0
76 0
77 6
78 6
79 0
80 0
81 0
82 4
83 0
84 0
85 0
86 0
87 0
88 0
89 0
90 0
91 0
92 0
