0   3.7700   5.1160   0.073

1   3.4281   4.7981   0.048

2   3.2822   4.6422   0.044

0   7.2670   9.9950   4.744

1   6.8331   9.6821   4.322

2   6.5902   9.4732   4.122

0   9.4250  13.6270   6.127

1   8.9221  13.2821   5.713

2   8.6042  13.0332   5.481

0  11.0650  14.3220   6.543

1  10.4811  13.9731   6.150

2  10.0882  13.7242   5.909

0  13.4360  16.3680   6.992

1  12.8391  16.0051   6.585

2  12.4082  15.7352   6.339

0  14.6850  17.2000   7.273

1  14.0131  16.7951   6.806

2  13.5142  16.4762   6.507

