  34   59    0  9999
  35   58    0  9997
  32   61    0  9994
  31   62    0  9990
  33   60    0  9985
  89  105    0  9979
  90  104    0  9971
  91  103    0  9963
  88  106    0  9953
  87  107    0  9942
 146  157    0  9930
  92  102    0  9917
  36   57    0  9903
  86  108    0  9888
  22   70    0  9871
 121  133    0  9854
 147  156    0  9835
 118  136    0  9815
 119  135    0  9794
  18   74    0  9772
  17   75    0  9749
 120  134    0  9725
 145  158    0  9700
  84  111    0  9674
 122  132    0  9647
 117  137    0  9618
 123  131    0  9589
  85  109    0  9559
  16   76    0  9528
  83  112    0  9495
  19   73    0  9462
 148  155    0  9428
  30   63    0  9393
 124  130    0  9357
 144  159    0  9320
  93  101    0  9282
  20   72    0  9243
   6  169    0  9203
  21   71    0  9163
   7  168    0  9121
 116  138    0  9079
 149  154    0  9035
   5  170    0  8991
  29   64    0  8947
  37   56    0  8901
  44   97    0  8854
  43   98    0  8807
 125  130    0  8759
