  21   32    0  9998
  22   31    0  9995
  51   74    0  9990
  23   30    0  9982
  57   69    0  9972
  24   29    0  9960
  19   34    0  9946
  48   79    0  9930
  47   80    0  9912
  20   33    0  9891
  44   82    0  9869
  49   78    0  9844
  17   36    0  9818
  15   38    0  9789
  14   39    0  9758
  45   81    0  9725
  56   70    0  9690
  18   35    0  9654
   6   88    0  9615
  53   72    0  9574
  47   76    0  9532
   5   89    0  9487
   7   87    0  9441
  43   83    0  9393
  50   75    0  9343
  54   70    0  9291
  53   71    0  9238
  27   54    0  9183
  16   36    0  9126
  52   73    0  9068
  48   76    0  9008
  11   87    0  8946
  54   72    0  8883
  44   83    0  8819
  27   72    0  8753
  54   71    0  8686
  26   53    0  8617
  46   79    0  8547
  43   81    0  8476
  26   71    0  8403
   4   90    0  8330
   7   88    0  8255
  26   72    0  8179
  47   79    0  8102
  46   75    0  8024
  85   90    0  7945
  52   90    0  7865
  10   87    0  7784
   8   87    0  7703
  26   54    0  7620
   4   86    0  7537
  26   55    0  7453
  59   87    0  7368
  22   32    0  7283
  51   81    0  7197
  27   57    0  7111
  46   78    0  7024
  27   39    0  6937
  46   58    0  6849
  14   27    0  6761
  26   39    0  6673
  13   41    0  6584
  53   75    0  6495
  10   75    0  6406
   6   11    0  6317
  48   80    0  6228
  74   81    0  6138
   3   10    0  6049
  10   90    0  5960
  50   79    0  5870
  11   90    0  5781
  28   52    0  5692
   4   60    0  5603
  27   69    0  5514
  17   35    0  5425
  12   20    0  5337
  11   85    0  5249
  35   59    0  5161
  61   89    0  5074
   4   12    0  4987
   4   29    0  4901
   5   25    0  4814
   6   90    0  4729
   3   16    0  4644
  24   30    0  4559
  26   56    0  4475
  58   70    0  4392
  35   81    0  4309
   8   52    0  4227
  13   82    0  4146
  55   76    0  4065
  36   84    0  3985
  53   70    0  3905
  14   26    0  3827
   3   55    0  3749
   3   61    0  3672
   3   47    0  3596
  14   72    0  3520
  23   29    0  3446
   5   11    0  3372
