  21   32    0  9998
  22   31    0  9995
  51   74    0  9990
  23   30    0  9982
  57   69    0  9972
  24   29    0  9960
  19   34    0  9946
  48   79    0  9930
  47   80    0  9912
  20   33    0  9891
  44   82    0  9869
  49   78    0  9844
  17   36    0  9818
  15   38    0  9789
  14   39    0  9758
  45   81    0  9725
  56   70    0  9690
  18   35    0  9654
   6   88    0  9615
  53   72    0  9574
  47   76    0  9532
   5   89    0  9487
   7   87    0  9441
  43   83    0  9393
  50   75    0  9343
  54   70    0  9291
  53   71    0  9238
  27   54    0  9183
