  34   39  0 8  0.99992
  33   40  0 8  0.99969
  32   41  0 8  0.99929
  77   98  0 8  0.99874
  67  106  0 8  0.99803
  22   51  0 8  0.99717
  83   92  0 8  0.99615
  27   46  0 8  0.99497
  31   42  0 8  0.99364
  25   48  0 8  0.99216
  65  108  0 8  0.99052
  29   44  0 8  0.98873
  66  107  0 8  0.98678
  69  104  0 8  0.98469
  23   50  0 8  0.98244
  26   47  0 8  0.98004
  18   55  0 8  0.97750
  76   99  0 8  0.97481
  28   45  0 8  0.97197
  30   43  0 8  0.96899
  20   53  0 8  0.96587
  84   91  0 8  0.96261
  19   54  0 8  0.95920
  24   49  0 8  0.95566
 117  122  0 8  0.95198
  85   90  0 8  0.94816
 106  114  0 8  0.94421
 107  112  0 8  0.94013
  15  111  0 8  0.93592
  17   56  0 8  0.93159
  91  105  0 8  0.92712
 109  122  0 8  0.92254
  52  102  0 8  0.91783
  11  115  0 8  0.91300
  13  113  0 8  0.90805
  70  100  0 8  0.90299
  21   52  0 8  0.89781
 121  127  0 8  0.89252
  62   76  0 8  0.88713
  59   64  0 8  0.88163
 104  116  0 8  0.87602
  66  108  0 8  0.87032
  76   94  0 8  0.86451
  45  104  0 8  0.85861
  33   69  0 8  0.85261
  40   56  0 8  0.84653
  75  100  0 8  0.84035
  68  105  0 8  0.83409
  78  127  0 8  0.82774
  11   19  0 8  0.82131
   8   13  0 8  0.81481
  46  121  0 8  0.80823
 117  125  0 8  0.80157
  59   73  0 8  0.79485
  14  112  0 8  0.78805
  27   61  0 8  0.78120
  32   40  0 8  0.77428
  57  104  0 8  0.76730
  45  115  0 8  0.76026
 117  123  0 8  0.75317
  43   83  0 8  0.74603
   9   15  0 8  0.73884
  70  105  0 8  0.73160
  13   81  0 8  0.72432
  74  120  0 8  0.71700
  92   99  0 8  0.70964
  69  119  0 8  0.70225
  81   86  0 8  0.69483
  74  114  0 8  0.68737
 106  118  0 8  0.67989
  48  121  0 8  0.67238
  57   62  0 8  0.66485
  48   57  0 8  0.65731
  15   83  0 8  0.64974
  39   69  0 8  0.64216
 112  124  0 8  0.63457
  43   66  0 8  0.62697
 111  117  0 8  0.61937
  24   53  0 8  0.61176
  45   59  0 8  0.60415
  33   41  0 8  0.59654
  29   68  0 8  0.58893
  12  114  0 8  0.58133
  30   44  0 8  0.57373
  31   71  0 8  0.56615
  19   78  0 8  0.55858
  29   56  0 8  0.55102
   9  117  0 8  0.54348
  63   73  0 8  0.53596
  12   29  0 8  0.52846
 114  119  0 8  0.52098
  87  101  0 8  0.51352
   9   28  0 8  0.50610
  20   31  0 8  0.49870
  70   92  0 8  0.49133
  67  110  0 8  0.48400
  67   94  0 8  0.47670
 104  115  0 8  0.46944
  72  103  0 8  0.46221
  70   85  0 8  0.45503
  41   63  0 8  0.44788
  89   98  0 8  0.44078
  13   85  0 8  0.43372
  19  113  0 8  0.42671
  42   97  0 8  0.41974
  23   72  0 8  0.41283
  61   84  0 8  0.40596
  25   46  0 8  0.39915
  45  117  0 8  0.39238
  25  102  0 8  0.38568
  33   92  0 8  0.37902
  53   68  0 8  0.37243
  46   74  0 8  0.36589
  38  101  0 8  0.35940
  84  105  0 8  0.35298
  51   58  0 8  0.34662
  99  111  0 8  0.34032
  25   40  0 8  0.33408
  12  113  0 8  0.32790
  29   65  0 8  0.32179
  74   95  0 8  0.31574
  78   97  0 8  0.30976
  19  124  0 8  0.30384
  93  107  0 8  0.29799
  56   64  0 8  0.29220
  82  122  0 8  0.28648
  53  125  0 8  0.28083
  57  108  0 8  0.27525
  96  110  0 8  0.26974
  35   80  0 8  0.26429
 118  127  0 8  0.25891
 115  125  0 8  0.25361
  65  125  0 8  0.24837
 104  117  0 8  0.24320
  56   73  0 8  0.23811
 107  113  0 8  0.23308
  75  101  0 8  0.22812
  29   42  0 8  0.22324
  33   81  0 8  0.21842
 102  111  0 8  0.21367
  11   90  0 8  0.20900
  57   88  0 8  0.20439
   9   79  0 8  0.19986
  79  117  0 8  0.19539
  63  121  0 8  0.19099
  34   64  0 8  0.18667
  69   77  0 8  0.18241
  30   68  0 8  0.17822
  50   95  0 8  0.17410
  73  123  0 8  0.17005
  16   82  0 8  0.16607
  91  112  0 8  0.16215
  57  109  0 8  0.15831
  19  120  0 8  0.15452
  25   47  0 8  0.15081
  41   46  0 8  0.14716
 107  116  0 8  0.14358
  91  101  0 8  0.14006
  24   74  0 8  0.13661
