  34   39    0  9999
  33   40    0  9996
  32   41    0  9992
  77   98    0  9987
  67  106    0  9980
  22   51    0  9971
  83   92    0  9961
  27   46    0  9949
  31   42    0  9936
  25   48    0  9921
  65  108    0  9905
  29   44    0  9887
  66  107    0  9867
  69  104    0  9846
  23   50    0  9824
  26   47    0  9800
  18   55    0  9775
  76   99    0  9748
  28   45    0  9719
  30   43    0  9689
  20   53    0  9658
  84   91    0  9626
  19   54    0  9592
  24   49    0  9556
 117  122    0  9519
  85   90    0  9481
 106  114    0  9442
 107  112    0  9401
  15  111    0  9359
  17   56    0  9315
  91  105    0  9271
 109  122    0  9225
  52  102    0  9178
  11  115    0  9130
  13  113    0  9080
  70  100    0  9029
  21   52    0  8978
