  34   39    0  9999
  33   40    0  9996
  32   41    0  9992
  77   98    0  9987
  67  106    0  9980
  22   51    0  9971
  83   92    0  9961
  27   46    0  9949
  31   42    0  9936
  25   48    0  9921
  65  108    0  9905
  29   44    0  9887
  66  107    0  9867
  69  104    0  9846
  23   50    0  9824
  26   47    0  9800
  18   55    0  9775
  76   99    0  9748
  28   45    0  9719
  30   43    0  9689
  20   53    0  9658
  84   91    0  9626
  19   54    0  9592
  24   49    0  9556
 117  122    0  9519
  85   90    0  9481
 106  114    0  9442
 107  112    0  9401
  15  111    0  9359
  17   56    0  9315
  91  105    0  9271
 109  122    0  9225
  52  102    0  9178
  11  115    0  9130
  13  113    0  9080
  70  100    0  9029
  21   52    0  8978
 121  127    0  8925
  62   76    0  8871
  59   64    0  8816
 104  116    0  8760
  66  108    0  8703
  76   94    0  8645
  45  104    0  8586
  33   69    0  8526
  40   56    0  8465
  75  100    0  8403
  68  105    0  8340
  78  127    0  8277
  11   19    0  8213
   8   13    0  8148
  46  121    0  8082
 117  125    0  8015
  59   73    0  7948
  14  112    0  7880
  27   61    0  7812
  32   40    0  7742
  57  104    0  7673
  45  115    0  7602
 117  123    0  7531
  43   83    0  7460
   9   15    0  7388
  70  105    0  7316
  13   81    0  7243
  74  120    0  7170
  92   99    0  7096
  69  119    0  7022
  81   86    0  6948
  74  114    0  6873
 106  118    0  6798
  48  121    0  6723
  57   62    0  6648
  48   57    0  6573
  15   83    0  6497
  39   69    0  6421
 112  124    0  6345
  43   66    0  6269
 111  117    0  6193
  24   53    0  6117
  45   59    0  6041
  33   41    0  5965
  29   68    0  5889
  12  114    0  5813
  30   44    0  5737
  31   71    0  5661
  19   78    0  5585
  29   56    0  5510
   9  117    0  5434
  63   73    0  5359
  12   29    0  5284
 114  119    0  5209
  87  101    0  5135
   9   28    0  5061
  20   31    0  4987
  70   92    0  4913
  67  110    0  4840
  67   94    0  4767
 104  115    0  4694
  72  103    0  4622
  70   85    0  4550
