0 0
1 0
2 124
3 124
4 124
5 124
6 124
7 0
8 0
9 119
10 0
11 0
12 0
13 113
14 113
15 113
16 113
17 0
18 0
19 0
20 55
21 0
22 0
23 0
24 49
25 49
26 49
27 49
28 0
29 0
30 41
31 41
32 41
33 41
34 41
35 41
36 0
37 0
38 0
39 0
40 31
41 31
42 31
43 31
44 31
45 31
46 0
47 0
48 25
49 25
50 25
51 25
52 0
53 0
54 0
55 19
56 19
57 19
58 0
59 0
60 0
61 0
62 0
63 0
64 106
65 106
66 106
67 106
68 106
69 106
70 106
71 0
72 0
73 0
74 0
75 0
76 99
77 99
78 99
79 99
80 0
81 0
82 0
83 0
84 92
85 92
86 92
87 0
88 0
89 0
90 0
91 85
92 85
93 85
94 0
95 0
96 0
97 0
98 77
99 77
100 77
101 77
102 0
103 0
104 0
105 67
106 67
107 67
108 67
109 67
110 0
111 0
112 14
113 14
114 14
115 14
116 0
117 0
118 0
119 9
120 0
121 0
122 0
123 3
124 3
125 3
126 3
127 3
128 0
