  72   79    0  9998
  70   81    0  9995
  71   80    0  9990
  16   39    0  9983
  15   40    0  9973
  26   67    0  9961
  17   38    0  9948
  69   82    0  9932
  73   78    0  9914
  42   60    0  9894
  13   41    0  9872
  22   30    0  9848
   3   91    0  9821
  64   85    0  9793
   4   90    0  9763
  25   68    0  9731
  18   37    0  9697
   5   89    0  9661
  28   65    0  9623
  48   55    0  9583
  43   59    0  9541
   8   86    0  9498
   2   92    0  9452
  27   66    0  9405
   1   93    0  9356
  23   29    0  9306
