 142  159  0 8  0.99994
  63   76  0 8  0.99976
  97  111  0 8  0.99945
  26   39  0 8  0.99902
 141  160  0 8  0.99848
 148  153  0 8  0.99781
  25   40  0 8  0.99702
 147  154  0 8  0.99611
 100  108  0 8  0.99507
  52   87  0 8  0.99392
 138  163  0 8  0.99265
  60   79  0 8  0.99126
  61   78  0 8  0.98975
 146  155  0 8  0.98812
 145  156  0 8  0.98637
 139  162  0 8  0.98451
  23   42  0 8  0.98253
 140  161  0 8  0.98044
  50   89  0 8  0.97823
  92  117  0 8  0.97590
  93  116  0 8  0.97347
  19   45  0 8  0.97092
  51   88  0 8  0.96826
  14  120  0 8  0.96549
  15  119  0 8  0.96261
  18   46  0 8  0.95962
  96  112  0 8  0.95652
  99  109  0 8  0.95332
  94  115  0 8  0.95001
  20   44  0 8  0.94660
  24   41  0 8  0.94309
  27   38  0 8  0.93947
  17   47  0 8  0.93575
  21   43  0 8  0.93194
 144  157  0 8  0.92803
  13  121  0 8  0.92402
  95  113  0 8  0.91991
  62   77  0 8  0.91572
  64   75  0 8  0.91143
  12  122  0 8  0.90705
  59   81  0 8  0.90258
  60   77  0 8  0.89802
 156  164  0 8  0.89338
  61   77  0 8  0.88865
  16  118  0 8  0.88384
  98  110  0 8  0.87895
  49   55  0 8  0.87398
 113  118  0 8  0.86893
 100  107  0 8  0.86381
 103  124  0 8  0.85861
 100  111  0 8  0.85334
 158  164  0 8  0.84800
  82   90  0 8  0.84259
  23   80  0 8  0.83711
  54   59  0 8  0.83156
  49   90  0 8  0.82595
 113  130  0 8  0.82028
  73  136  0 8  0.81455
  61   79  0 8  0.80876
  44  130  0 8  0.80291
   5   55  0 8  0.79701
  35   60  0 8  0.79105
  63   75  0 8  0.78505
  60   73  0 8  0.77899
 137  163  0 8  0.77289
  55   84  0 8  0.76674
 106  111  0 8  0.76055
  45   62  0 8  0.75431
  50   93  0 8  0.74804
  13   19  0 8  0.74172
  30   66  0 8  0.73537
 143  158  0 8  0.72899
  31   40  0 8  0.72257
  56   83  0 8  0.71612
 142  160  0 8  0.70965
  72  118  0 8  0.70314
 158  163  0 8  0.69661
  44   58  0 8  0.69006
 102  111  0 8  0.68349
  22   35  0 8  0.67689
 114  128  0 8  0.67028
  58   81  0 8  0.66365
 155  162  0 8  0.65701
  21   92  0 8  0.65035
 103  133  0 8  0.64368
  29   67  0 8  0.63701
  53   86  0 8  0.63032
  10  155  0 8  0.62363
  97  110  0 8  0.61694
 124  133  0 8  0.61024
  98  111  0 8  0.60354
  27   72  0 8  0.59685
  99  123  0 8  0.59015
 122  151  0 8  0.58346
  28   62  0 8  0.57677
  13   57  0 8  0.57010
 128  133  0 8  0.56343
  85   93  0 8  0.55677
  98  119  0 8  0.55012
 148  154  0 8  0.54348
  38  117  0 8  0.53686
  40   98  0 8  0.53026
  30   46  0 8  0.52367
 144  149  0 8  0.51710
  99  111  0 8  0.51056
  11   99  0 8  0.50403
  35   65  0 8  0.49752
  74  103  0 8  0.49104
  17   57  0 8  0.48459
  48   91  0 8  0.47816
  50   80  0 8  0.47176
  74  102  0 8  0.46539
  14  117  0 8  0.45905
   3  142  0 8  0.45274
  16  139  0 8  0.44646
   2  135  0 8  0.44022
 117  126  0 8  0.43401
 147  153  0 8  0.42783
  59   93  0 8  0.42169
  81  124  0 8  0.41559
  97  119  0 8  0.40953
  73   82  0 8  0.40351
   5  108  0 8  0.39752
  98  114  0 8  0.39158
  59   80  0 8  0.38568
  11  138  0 8  0.37982
  11  133  0 8  0.37401
  22   42  0 8  0.36824
  25   46  0 8  0.36251
  22   65  0 8  0.35683
   2  139  0 8  0.35120
  96  102  0 8  0.34561
  95  114  0 8  0.34007
  96  122  0 8  0.33458
 124  158  0 8  0.32914
  74  133  0 8  0.32374
  93  115  0 8  0.31840
  23   41  0 8  0.31310
  77  158  0 8  0.30786
 151  159  0 8  0.30267
  78  136  0 8  0.29753
 137  144  0 8  0.29244
  96  121  0 8  0.28740
 100  105  0 8  0.28241
  96  134  0 8  0.27748
  87  159  0 8  0.27260
  70  154  0 8  0.26777
  14  125  0 8  0.26300
  39   80  0 8  0.25828
 113  163  0 8  0.25361
  12  154  0 8  0.24900
  54   62  0 8  0.24444
  23   45  0 8  0.23994
   2  128  0 8  0.23549
  33   53  0 8  0.23109
  58   77  0 8  0.22675
  60  133  0 8  0.22246
  89  134  0 8  0.21823
  35  157  0 8  0.21405
  43   83  0 8  0.20993
  96  116  0 8  0.20586
  54  164  0 8  0.20185
  88   94  0 8  0.19789
  46  136  0 8  0.19398
   9   14  0 8  0.19013
 125  136  0 8  0.18633
   3    9  0 8  0.18258
 137  159  0 8  0.17889
  20   25  0 8  0.17525
 143  156  0 8  0.17167
  33   73  0 8  0.16814
  27   76  0 8  0.16466
  38  119  0 8  0.16123
   7   85  0 8  0.15785
 146  152  0 8  0.15453
 100  106  0 8  0.15126
  14   19  0 8  0.14804
 110  115  0 8  0.14487
  29  103  0 8  0.14175
 151  156  0 8  0.13868
  44  124  0 8  0.13566
 137  145  0 8  0.13269
  48  152  0 8  0.12977
  85   90  0 8  0.12690
  16   35  0 8  0.12407
  95  121  0 8  0.12130
 103  123  0 8  0.11857
  95  142  0 8  0.11589
   1   22  0 8  0.11326
   1   52  0 8  0.11067
  31  137  0 8  0.10813
  92  151  0 8  0.10563
