  33   53    0  9999
  18   80    0  9996
  34   52    0  9991
  16   82    0  9984
  17   81    0  9975
  65   70    0  9964
  32   54    0  9952
  64   71    0  9937
  63   72    0  9920
  19   79    0  9902
  13   85    0  9882
  30   56    0  9859
  62   73    0  9835
  35   51    0  9809
  31   55    0  9781
  14   84    0  9752
  15   83    0  9720
  36   50    0  9687
  12   86    0  9652
  11   87    0  9615
   4   98    0  9576
  37   49    0  9536
  29   57    0  9494
   6   96    0  9450
   5   97    0  9405
  43   92    0  9358
   1  101    0  9310
   3   99    0  9260
  21   76    0  9208
  39   94    0  9155
  42   92    0  9100
  28   57    0  9044
  28   58    0  8987
  42   93    0  8928
  44   94    0  8868
  39   95    0  8806
