8 175  0 8  0.1
73 78  0 8  0.1
72 79  0 8  0.1
71 80  0 8  0.1
7 176  0 8  0.1
70 81  0 8  0.1
69 82  0 8  0.1
54 59  0 8  0.1
53 60  0 8  0.1
52 61  0 8  0.1
5 178  0 8  0.1
51 62  0 8  0.1
50 63  0 8  0.1
49 64  0 8  0.1
48 65  0 8  0.1
47 66  0 8  0.1
46 67  0 8  0.1
44 84  0 8  0.1
43 85  0 8  0.1
42 86  0 8  0.1
41 87  0 8  0.1
4 179  0 8  0.1
40 93  0 8  0.1
39 94  0 8  0.1
38 95  0 8  0.1
37 96  0 8  0.1
35 97  0 8  0.1
34 98  0 8  0.1
33 99  0 8  0.1
32 100  0 8  0.1
3 180  0 8  0.1
27 104  0 8  0.1
26 105  0 8  0.1
25 106  0 8  0.1
24 107  0 8  0.1
23 108  0 8  0.1
226 231  0 8  0.1
225 232  0 8  0.1
224 233  0 8  0.1
223 234  0 8  0.1
22 109  0 8  0.1
219 235  0 8  0.1
218 236  0 8  0.1
2 181  0 8  0.1
217 237  0 8  0.1
215 239  0 8  0.1
214 240  0 8  0.1
212 242  0 8  0.1
211 243  0 8  0.1
21 110  0 8  0.1
190 196  0 8  0.1
189 197  0 8  0.1
188 198  0 8  0.1
187 199  0 8  0.1
186 200  0 8  0.1
185 201  0 8  0.1
184 202  0 8  0.1
17 113  0 8  0.1
163 168  0 8  0.1
162 169  0 8  0.1
161 170  0 8  0.1
16 114  0 8  0.1
160 171  0 8  0.1
15 116  0 8  0.1
14 117  0 8  0.1
139 144  0 8  0.1
138 145  0 8  0.1
137 146  0 8  0.1
136 147  0 8  0.1
135 148  0 8  0.1
134 149  0 8  0.1
133 150  0 8  0.1
132 151  0 8  0.1
13 118  0 8  0.1
128 154  0 8  0.1
127 155  0 8  0.1
126 156  0 8  0.1
125 157  0 8  0.1
12 119  0 8  0.1
121 158  0 8  0.1
120 159  0 8  0.1
1 182  0 8  0.1
