1 182
2 181
3 180
4 179
5 178
7 176
8 175
12 119
13 118
14 117
15 116
16 114
17 113
21 110
22 109
23 108
24 107
25 106
26 105
27 104
32 100
33 99
34 98
35 97
37 96
38 95
39 94
40 93
41 87
42 86
43 85
44 84
46 67
47 66
48 65
49 64
50 63
51 62
52 61
53 60
54 59
69 82
70 81
71 80
72 79
73 78
120 159
121 158
125 157
126 156
127 155
128 154
132 151
133 150
134 149
135 148
136 147
137 146
138 145
139 144
160 171
161 170
162 169
163 168
184 202
185 201
186 200
187 199
188 198
189 197
190 196
211 243
212 242
214 240
215 239
217 237
218 236
219 235
223 234
224 233
225 232
226 231
