    7     4   1.000000 0.000000 0.000000  A -3.646585
    8     2   1.000000 0.135613 -0.000000  P 0.000000
    9     2   1.000000 -0.150916 -0.000012  A -2.194719
   11    10   1.000000 0.153993 0.000000  A -1.995762
   12     9   1.000000 -0.149106 0.000001  P 0.000000
   12    10   1.000000 0.171602 -0.000000  A -1.577063
   15    13   1.000000 -0.171490 124441685936396565070261256192.000000  A -3.528625
   15    14   1.000000 -0.149294 0.000011  P 0.000000
   16    12   1.000000 -0.171490 124441685936396565070261256192.000000  P 0.000000
   17    16   1.000000 -0.169755 -0.000000  A -3.238291
   18     1   1.000000 0.135613 -0.000000  A -3.650525
