1 174   0  10000
2 173   0  10000
3 172   0  10000
4 171   0  10000
5 170   0  10000
6 169   0  10000
7 168   0  10000
8 167   0  10000
9 166   0  10000
12 79   0  10000
14 78   0  10000
15 77   0  10000
16 76   0  10000
17 75   0  10000
18 74   0  10000
19 73   0  10000
22 70   0  10000
30 63   0  10000
31 62   0  10000
32 61   0  10000
33 60   0  10000
34 59   0  10000
35 58   0  10000
36 57   0  10000
37 56   0  10000
38 55   0  10000
41 54   0  10000
82 113   0  10000
83 112   0  10000
84 111   0  10000
85 109   0  10000
86 108   0  10000
87 107   0  10000
88 106   0  10000
89 105   0  10000
90 104   0  10000
91 103   0  10000
92 102   0  10000
93 101   0  10000
114 140   0  10000
115 139   0  10000
117 137   0  10000
118 136   0  10000
119 135   0  10000
120 134   0  10000
121 133   0  10000
122 132   0  10000
123 131   0  10000
124 130   0  10000
142 161   0  10000
143 160   0  10000
144 159   0  10000
145 158   0  10000
146 157   0  10000
147 156   0  10000
148 155   0  10000
149 154   0  10000
