38 14.9364 15.2545 15.4674
37 14.3152 15.0925 15.1823
36 11.7566 15.1548 15.6608
35 11.7121 14.7449 15.5282
34 12.8964 14.5996 15.3785
33 12.2653 14.8098 15.3999
32 13.3915 14.8223 15.2146
31 15.3506 14.9849 15.2554
30 15.6004 14.7306 15.0091
29 15.6855 14.7335 15.3066
28 15.0254 14.8093 15.6113
27 13.7555 14.8144 15.6636
26 15.2956 15.0225 15.537
25 15.9244 14.8573 15.4625
24 15.4003 14.7121 15.5994
23 15.7952 14.6736 15.1221
22 15.438 15.07 14.6841
21 15.5442 15.0244 15.1652
20 15.2584 14.8748 14.9982
19 15.7707 14.9403 15.0792
18 14.9034 14.5866 15.6641
17 15.8071 15.2769 15.2778
16 15.5897 15.003 15.2627
15 15.1714 15.8372 15.8235
14 15.3616 16.1219 15.6564
13 15.647 17.1496 15.4188
12 17.1972 16.5522 15.7801
11 16.6822 16.0574 15.9883
