  72   79  0 8  0.99989
  70   81  0 8  0.99957
  71   80  0 8  0.99904
  16   39  0 8  0.99830
  15   40  0 8  0.99734
  26   67  0 8  0.99618
  17   38  0 8  0.99480
  69   82  0 8  0.99321
  22   30  0 8  0.99142
  42   60  0 8  0.98942
  13   41  0 8  0.98721
  73   78  0 8  0.98480
  25   68  0 8  0.98218
   4   90  0 8  0.97936
  18   37  0 8  0.97635
   3   91  0 8  0.97313
  64   85  0 8  0.96972
   5   89  0 8  0.96612
  28   65  0 8  0.96232
  43   59  0 8  0.95834
  48   55  0 8  0.95417
   8   86  0 8  0.94981
  27   66  0 8  0.94528
   2   92  0 8  0.94056
   1   93  0 8  0.93567
  23   29  0 8  0.93061
   9   63  0 8  0.92538
  71   81  0 8  0.91998
  70   80  0 8  0.91442
  46   55  0 8  0.90870
  69   83  0 8  0.90282
  63   75  0 8  0.89679
  25   67  0 8  0.89061
  17   37  0 8  0.88428
   3   28  0 8  0.87782
  48   54  0 8  0.87121
   2   75  0 8  0.86447
   9   34  0 8  0.85760
  18   33  0 8  0.85060
  18   38  0 8  0.84349
   9   27  0 8  0.83625
  75   86  0 8  0.82890
   5   64  0 8  0.82144
  32   90  0 8  0.81387
  33   53  0 8  0.80620
  19   37  0 8  0.79843
  24   33  0 8  0.79057
  61   67  0 8  0.78262
  26   65  0 8  0.77459
  26   66  0 8  0.76647
  14   41  0 8  0.75828
  21   31  0 8  0.75002
   2   93  0 8  0.74169
  19   32  0 8  0.73329
  39   64  0 8  0.72484
   6   12  0 8  0.71633
   8   91  0 8  0.70777
  78   85  0 8  0.69916
  62   75  0 8  0.69051
  16   64  0 8  0.68183
   3   90  0 8  0.67311
  10   84  0 8  0.66436
  67   83  0 8  0.65558
  27   59  0 8  0.64678
  34   76  0 8  0.63797
  71   76  0 8  0.62914
   5   14  0 8  0.62030
  18   34  0 8  0.61145
  17   39  0 8  0.60261
   7   12  0 8  0.59376
  13   81  0 8  0.58492
  18   32  0 8  0.57609
  14   74  0 8  0.56727
  73   79  0 8  0.55847
   8   22  0 8  0.54969
  10   63  0 8  0.54093
   1   10  0 8  0.53220
   1    8  0 8  0.52349
  22   64  0 8  0.51482
  24   39  0 8  0.50619
  18   63  0 8  0.49759
   2   14  0 8  0.48904
  18   77  0 8  0.48053
  46   93  0 8  0.47207
  38   83  0 8  0.46365
  23   60  0 8  0.45530
  62   78  0 8  0.44699
  10   78  0 8  0.43875
  16   24  0 8  0.43056
   1   64  0 8  0.42244
   1   24  0 8  0.41439
   4   84  0 8  0.40640
  27   43  0 8  0.39848
  24   64  0 8  0.39063
  68   86  0 8  0.38285
   9   38  0 8  0.37515
  62   89  0 8  0.36753
  31   42  0 8  0.35998
   3   65  0 8  0.35252
  28   91  0 8  0.34513
  32   53  0 8  0.33783
  53   75  0 8  0.33061
  42   82  0 8  0.32348
  28   63  0 8  0.31643
  78   83  0 8  0.30948
   8   26  0 8  0.30261
   1   66  0 8  0.29583
  16   38  0 8  0.28914
  43   60  0 8  0.28254
  54   84  0 8  0.27603
  41   81  0 8  0.26962
  17   32  0 8  0.26330
  34   83  0 8  0.25707
  69   75  0 8  0.25094
  69   80  0 8  0.24490
  77   84  0 8  0.23895
  63   69  0 8  0.23310
   2   62  0 8  0.22735
   1   33  0 8  0.22169
  72   78  0 8  0.21612
  31   37  0 8  0.21065
   6   11  0 8  0.20528
  60   91  0 8  0.19999
  59   66  0 8  0.19481
  46   56  0 8  0.18971
