  52   63    0  9998
   7   39    0  9994
   4   76    0  9988
   5   75    0  9979
  14   25    0  9967
   3   77    0  9953
  53   62    0  9936
  51   64    0  9917
   6   74    0  9895
  55   60    0  9871
  16   23    0  9844
  15   24    0  9814
   8   38    0  9782
  45   70    0  9748
  54   61    0  9712
   9   37    0  9673
  17   22    0  9631
  12   34    0  9588
  13   26    0  9542
  12   33    0  9493
  23   57    0  9443
  47   68    0  9390
  49   67    0  9336
   6   40    0  9279
  41   73    0  9220
  51   63    0  9159
  38   69    0  9096
   5   74    0  9031
  60   69    0  8965
  50   66    0  8896
  18   57    0  8826
  32   53    0  8754
   4   53    0  8681
  42   53    0  8606
  26   64    0  8529
  12   18    0  8450
  38   67    0  8371
  13   25    0  8290
   1   17    0  8207
  49   66    0  8123
  23   38    0  8038
  12   32    0  7952
  47   70    0  7865
   3   24    0  7776
  13   55    0  7687
  35   71    0  7597
  15   26    0  7506
  10   35    0  7414
  43   71    0  7321
  39   71    0  7227
  18   35    0  7133
   3   16    0  7038
  57   75    0  6943
  46   69    0  6847
  17   77    0  6751
  24   32    0  6654
   4   77    0  6557
   6   73    0  6460
  10   36    0  6363
  47   52    0  6265
  48   65    0  6167
  37   67    0  6070
  52   68    0  5972
  10   24    0  5874
  13   24    0  5777
  60   67    0  5679
  24   33    0  5582
  55   73    0  5485
   3   12    0  5388
  60   65    0  5292
  40   71    0  5196
  19   51    0  5100
  26   51    0  5005
  49   65    0  4910
  22   43    0  4816
  35   74    0  4723
  32   66    0  4630
  58   69    0  4537
  63   68    0  4446
  51   65    0  4355
  50   55    0  4265
  16   71    0  4175
  13   64    0  4087
   1   33    0  3999
   5   40    0  3912
  12   77    0  3826
  22   71    0  3741
   7   60    0  3657
  41   49    0  3574
  39   65    0  3492
  37   69    0  3411
   1   10    0  3331
  13   60    0  3252
  43   50    0  3174
  10   76    0  3097
  52   64    0  3021
   5   60    0  2946
  24   48    0  2872
  71   76    0  2800
  49   64    0  2728
