  33   53  0 8  0.99990
  18   80  0 8  0.99961
  34   52  0 8  0.99912
  16   82  0 8  0.99843
  17   81  0 8  0.99755
  65   70  0 8  0.99648
  32   54  0 8  0.99521
  64   71  0 8  0.99375
  63   72  0 8  0.99209
  19   79  0 8  0.99024
  13   85  0 8  0.98821
  30   56  0 8  0.98598
  62   73  0 8  0.98357
  35   51  0 8  0.98097
  31   55  0 8  0.97818
  14   84  0 8  0.97521
  15   83  0 8  0.97206
  36   50  0 8  0.96873
  12   86  0 8  0.96523
  11   87  0 8  0.96154
   4   98  0 8  0.95769
  37   49  0 8  0.95366
  29   57  0 8  0.94946
   6   96  0 8  0.94509
   5   97  0 8  0.94057
  43   92  0 8  0.93587
   1  101  0 8  0.93102
   3   99  0 8  0.92602
  21   76  0 8  0.92086
  39   94  0 8  0.91555
  42   92  0 8  0.91009
  28   57  0 8  0.90448
  28   58  0 8  0.89874
  42   93  0 8  0.89285
  44   94  0 8  0.88683
  39   95  0 8  0.88068
  24   90  0 8  0.87440
  44   92  0 8  0.86800
   7   94  0 8  0.86147
  38   47  0 8  0.85482
  36   49  0 8  0.84806
   7   42  0 8  0.84119
  42   97  0 8  0.83421
  22   75  0 8  0.82712
   5   47  0 8  0.81994
  37   50  0 8  0.81265
  19   81  0 8  0.80528
   5   42  0 8  0.79781
  35   53  0 8  0.79026
  14   74  0 8  0.78263
  44   95  0 8  0.77492
  54   66  0 8  0.76713
  39   90  0 8  0.75927
  39   49  0 8  0.75135
   7   47  0 8  0.74336
  77   91  0 8  0.73532
  12   88  0 8  0.72722
  17   85  0 8  0.71906
  25   76  0 8  0.71086
  40   92  0 8  0.70262
   1   40  0 8  0.69433
  74   91  0 8  0.68601
  26   76  0 8  0.67765
  62   78  0 8  0.66927
   3   44  0 8  0.66086
  91   96  0 8  0.65243
  44   90  0 8  0.64397
  27   58  0 8  0.63551
   3   97  0 8  0.62703
  11   16  0 8  0.61854
  39   92  0 8  0.61005
  64   72  0 8  0.60156
   7   88  0 8  0.59307
  43   91  0 8  0.58458
  32   66  0 8  0.57610
  43   49  0 8  0.56764
  38   91  0 8  0.55919
  25   66  0 8  0.55075
  35   40  0 8  0.54234
  55   84  0 8  0.53395
  40   83  0 8  0.52559
  27   60  0 8  0.51726
  37   93  0 8  0.50896
  11   82  0 8  0.50069
   1   67  0 8  0.49246
  24   74  0 8  0.48428
  15   56  0 8  0.47613
  35   42  0 8  0.46803
  15   99  0 8  0.45998
  20   58  0 8  0.45198
  74   84  0 8  0.44403
  33   66  0 8  0.43613
  32   67  0 8  0.42830
  66   83  0 8  0.42052
  13   93  0 8  0.41280
   5   98  0 8  0.40514
  26   58  0 8  0.39754
  15   84  0 8  0.39002
  25   74  0 8  0.38256
   7   50  0 8  0.37516
  63   71  0 8  0.36784
   7   44  0 8  0.36059
   7   97  0 8  0.35342
  40   51  0 8  0.34632
  24   68  0 8  0.33930
  21   26  0 8  0.33235
  43   94  0 8  0.32548
  12   62  0 8  0.31869
  15   30  0 8  0.31198
  17   80  0 8  0.30536
  13   62  0 8  0.29881
  15   34  0 8  0.29235
  69   84  0 8  0.28597
  20   56  0 8  0.27968
  85   93  0 8  0.27347
  21  101  0 8  0.26734
  35   49  0 8  0.26131
  31   72  0 8  0.25536
   5   50  0 8  0.24949
  17   83  0 8  0.24371
  37   62  0 8  0.23802
   3   17  0 8  0.23242
  40   65  0 8  0.22690
  38   56  0 8  0.22147
   1   17  0 8  0.21613
  15   90  0 8  0.21088
   4   46  0 8  0.20571
  18   58  0 8  0.20063
  38   77  0 8  0.19564
  18   81  0 8  0.19074
  49   54  0 8  0.18592
  40   69  0 8  0.18119
   7   92  0 8  0.17654
   7   98  0 8  0.17198
  42   50  0 8  0.16750
  77   82  0 8  0.16311
   6   91  0 8  0.15880
  66   77  0 8  0.15458
  21   27  0 8  0.15044
  12   51  0 8  0.14638
  40   87  0 8  0.14240
  35   43  0 8  0.13850
  50   97  0 8  0.13469
  38   89  0 8  0.13095
  31   63  0 8  0.12729
